3800
0
10000
0
-7.032096e-06
2.419758e-05
0.02341188
-0.01915076
-0.02499823
0.08100809
0.03627235
0.02431424
-0.03137181
0.05341936
-0.06558279
0.07526153
0.09357931
-0.2240212
-0.01908253
0.2427045
-0.1804738
0.06880976
0.08277134
0.2902379
0.2137787
-0.07491871
-0.2401162
-0.05636223
-0.05823115
0.261509
0.2844687
-0.1038755
0.1220413
0.3276421
0.1461641
0.1123271
0.06513949
0.3861969
-0.3746985
0.56754
0.008032079
0.02761979
-0.3669009
0.1354665
-0.2474843
0.02103958
-0.3461077
-0.3426304
-0.2736804
0.3913726
0.3281737
0.09375647
-0.2007398
-0.1778962
0.1221763
-0.1927073
0.2568686
0.314298
0.05071646
0.2782528
-0.4062614
0.367512
-0.2427302
0.18211
-0.2694398
-0.1382481
-0.5677943
0.5499843
0.08138614
0.2413113
0.5882274
0.3236521
0.06175788
0.4264688
-0.03542723
0.209192
-0.1872008
0.06241249
-0.4237767
-0.01630251
-0.6283689
-0.1376641
0.1212109
0.374889
0.1523207
0.1271624
-0.05367089
-0.1663857
-0.1937036
0.3838215
-0.3257007
0.07804985
0.1568573
0.4766498
-0.1507996
-0.2511989
0.006172357
0.2117708
-0.2421533
0.0321426
-0.06948012
-0.09843555
-0.1180627
0.2920719
-0.2178157
-0.01746309
0.1168915
0.2969662
-0.03962108
0.1916394
-0.2095857
0.02248482
-0.2862995
0.1929349
-0.2523994
0.1643738
-0.05125856
0.2123166
-0.3511341
0.3266859
0.1398618
0.2884526
0.01795487
-0.3573973
0.104716
0.206808
-0.4406522
-0.02476855
0.1057067
0.0002728051
-0.06153047
0.3679227
-0.186839
0.2902464
0.3360449
0.07698798
-0.2371387
-0.1181189
0.2957627
0.3449046
-0.2148356
-0.1290735
0.0254597
-0.1722224
-0.05736399
0.06022407
-0.06653676
0.1109358
-0.180767
0.09915945
0.04446312
0.01556096
-0.04463812
-0.05719174
0.1765365
-0.09281217
-0.1852184
0.1264098
-0.09186143
0.05798699
-0.1840149
-0.2716596
0.2124825
0.2851494
-0.06235772
0.1899145
-0.06049267
0.07723963
-0.1488559
-0.06887658
0.1206039
0.1106132
-0.1136249
0.0891066
-0.2472138
0.02860952
-0.1099808
0.1367723
0.06673787
0.1614849
-0.03438322
0.22192
0.1186902
0.0424707
-0.002673704
0.2848464
-0.032759
0.2497328
0.06371196
0.2489308
0.07064947
-0.02477857
0.002215289
0.1466473
0.09653077
0.2759738
-0.01088099
0.2486141
-0.05907901
-0.2095965
0.07021719
0.2568508
-0.07737727
0.127391
-0.1841829
0.1180143
0.1673961
0.01095076
-0.06942394
0.2048251
-0.1624015
0.106506
-0.3126319
-0.07384118
0.09623909
-0.2583542
-0.1950821
0.02015471
0.1759366
0.00532254
-0.2223425
0.3898939
0.3628777
0.3100127
0.0446127
0.05407338
-0.106204
0.05361769
-0.1995675
0.09788873
0.06426982
-0.0298289
-0.05030211
-0.02302281
0.01848061
0.1600528
-0.1652323
0.1813432
-0.09378955
0.2120598
-0.03339824
0.1104301
-0.006051539
0.2405917
0.02323258
0.02335973
-0.402662
0.02380911
-0.2949414
0.516699
-0.129677
0.05693652
0.01382658
-0.3250367
-0.0670066
0.2529354
-0.2024736
-0.008783123
0.04807505
0.2870192
0.04086052
0.007668888
-0.2997203
0.1589318
-0.2349303
0.1139113
0.1021001
0.2955084
-0.1919386
0.140764
-0.02945976
0.3251876
-0.1209998
-0.07487293
-0.08401772
0.2341567
-0.1025461
0.07365897
-0.07830536
0.09522211
-0.2035225
0.02163866
-0.1848852
0.08903631
-0.3185848
0.1390281
-0.4588775
0.012287
0.1570435
-0.2468341
0.0605019
0.1135216
0.2338784
0.04666549
-0.08857929
0.5531095
0.1687198
-0.06592292
-0.03590313
-0.1358513
0.1208709
0.1009655
0.09887813
0.1007314
-0.207979
0.3356287
0.01350432
-0.002494928
0.02170781
0.1067116
-0.2453738
0.1337624
0.01861455
0.05218275
-0.05630081
0.1464129
0.07306729
0.1524164
0.07677608
0.1461352
-0.001641487
0.1257983
-0.18018
-0.04474889
0.1227094
0.3563796
-0.07034402
0.1768488
-0.2301306
0.390043
-0.3182838
0.2234739
0.0770454
0.1374485
-0.03201822
0.1112025
0.03857983
0.3631133
0.1917507
0.04854009
0.09977441
0.07056303
-0.05977826
0.1086877
-0.1521226
-0.01605093
0.01168709
0.2921734
-0.02125375
0.08116145
-0.1787531
-0.07425492
-0.09281657
0.1343336
-0.03790182
-0.0198516
-0.1230091
0.2852776
0.01822107
0.4509324
-0.4813044
0.2831804
-0.4143783
0.3679159
-0.09514839
-0.08756187
0.2503882
-0.06516765
-0.03469937
0.3171303
-0.03529597
0.1799037
0.1127935
0.191429
-0.1322311
0.2918567
-0.3028876
0.1304724
-0.004798094
0.3245145
0.2144836
0.1126502
-0.03930347
-0.01272031
-0.03973486
0.1779498
0.359146
-0.02411979
-0.04514708
0.05613535
0.3233585
0.3071698
-0.01358282
0.04709953
-0.1235359
0.2499108
-0.3332289
0.1006934
0.07071898
0.004527353
0.08765321
0.007207662
-0.1545734
0.1755658
0.2952301
0.04903164
0.1237354
0.09771555
-0.3285769
-0.005057582
0.02430112
0.1469211
0.1122222
0.1934065
0.05883373
0.1479695
-0.174128
0.42808
-0.0488723
0.4033029
0.19571
0.08638985
-0.03645702
0.2306906
-0.1896172
-0.01613926
-0.1173767
0.2159527
-0.06717382
0.09462048
-0.2126677
0.008374202
-0.0204524
0.1748655
-0.07091338
0.184374
-0.008270649
-0.03674083
-0.1165299
0.07794278
-0.005636046
0.07367335
-0.02830963
0.2124413
-0.2727582
0.2059017
0.0804853
-0.0310694
0.2418915
-0.08008274
-0.2862964
-0.03446135
0.04369913
0.2100812
-0.1314259
0.06578252
0.01530267
0.3455747
-0.1811659
0.2800007
-0.07288751
0.05550713
-0.06099226
0.2887813
-0.2201842
0.2338263
0.1126632
-0.0323327
-0.09942336
0.1347007
-0.02058986
0.3748687
0.07445756
0.408323
-0.4759263
0.2532326
0.1359736
0.2939489
-0.1353402
0.2646765
-0.144941
0.1611629
-0.1471743
0.2150008
0.07731187
-0.2138646
-0.1398159
0.1982748
-0.1732197
0.2462524
-0.04191289
0.3418863
-0.08041641
0.4551369
-0.1547921
0.05004669
-0.1143482
-0.1415879
-0.09781688
0.4270104
0.1225472
0.2665296
-0.3005558
0.2277963
0.04506847
0.2581175
0.003127048
0.2550932
-0.3414579
0.2370923
-0.1038474
-0.04722307
-0.02965529
0.1796108
-0.1186408
-0.0821958
-0.1397042
0.04235242
-0.1634995
0.1249547
0.05944733
0.07565858
-0.09247325
0.220645
-0.2707594
0.1009203
-0.2347135
0.09133823
0.08941816
0.1269467
0.07791524
0.1102449
0.03307883
0.3197203
-0.1698131
0.3034427
0.04716258
-0.1403477
-0.2044378
0.5068907
-0.08789667
0.1463993
-0.08289982
0.3173428
-0.3057629
-0.1096061
0.1338033
0.08488914
0.07745723
0.2742006
0.03373684
0.2773558
-0.2019429
0.2509105
-0.1048837
0.2129122
0.005474132
0.1691155
-0.1124232
0.3425726
0.03292696
0.2985106
-0.3342249
0.2205819
0.05473051
0.1940789
-0.05396644
0.1553108
0.001398997
-0.04242546
-0.2311545
0.1317602
-0.1113851
0.3986445
-0.1453025
0.2598221
-0.0956526
0.03402639
-0.2927667
0.05388726
0.05991558
-0.04159294
0.08400881
0.08510248
0.2431187
0.0259205
-0.2548764
0.4814609
-0.2556711
0.2490071
0.05875038
0.1479551
-0.4023113
0.2098652
-0.1367326
0.3119839
0.130788
0.3569928
0.1703971
0.2119442
-0.1846583
0.2972363
-0.06782822
0.02932684
-0.2974711
0.420452
-0.05549915
-0.02211867
-0.2686607
0.07779337
0.2794025
0.3918948
0.1002112
0.551511
-0.1253842
0.1182835
-0.1416258
0.004264362
-0.2265314
0.1342536
0.01349108
0.07977597
0.002728906
-0.007282871
-0.1964549
-0.1283335
0.1316189
0.05887548
-0.2492091
0.007327027
-0.1856561
0.2560247
-0.05591803
0.315294
-0.1685357
0.3729214
0.06749621
0.05260051
-0.104799
0.2790818
-0.01380322
0.1541771
0.03483157
0.3088204
-0.221449
0.3130182
-0.2801709
0.07002258
-0.5074589
0.04378816
-0.02926581
0.3345882
-0.1931478
0.09862492
0.0142832
0.06386831
-0.03726263
0.2723316
0.05158124
0.2394934
-0.3562674
0.3486466
-0.4336115
0.2722672
-0.2409422
0.1487055
-0.2782889
0.07822303
-0.1594877
0.2786489
-0.09970383
0.2333063
0.1696415
0.2373743
0.03434221
0.3940204
-0.2131132
0.5198327
-0.2091836
0.01504393
-0.1009077
0.505319
-0.2159668
0.186413
-0.3594369
0.5986041
-0.09394985
0.1329664
0.06989713
0.03288174
-0.1786974
0.1182119
-0.2567169
0.1021767
-0.1153057
0.2815278
-0.06481091
0.4707976
-0.4955684
0.04577821
-0.07819965
0.3664714
0.08150434
0.4366328
-0.1794682
0.382395
-0.0739752
0.2297917
0.1120741
0.2271463
0.05516005
0.2469928
-0.3753943
0.771874
-0.0008942906
-0.06788957
-0.07000501
0.08631079
-0.2347367
0.06147006
0.001378652
-0.03046878
-0.0457325
0.3473958
-0.09725188
0.3721914
-0.05959182
0.2147732
-0.2263001
0.3522416
0.1362843
0.01017546
-0.05190259
0.1991291
0.04865631
0.2389149
-0.1743777
0.3751308
-0.319917
0.5104607
-0.03970464
0.535628
-0.07034013
0.4414264
-0.1799888
0.3672127
0.03825997
0.2326736
-0.0005654619
0.1131896
-0.004807054
0.1885352
0.1449905
0.4173858
-0.1919862
0.2163736
-0.0594566
0.1933345
0.2138292
0.1166049
-0.3451752
0.005603105
-0.04528404
0.1367286
-0.2082444
0.3010403
-0.178738
0.2462683
-0.2791322
0.3954863
-0.114407
0.4028527
0.1695291
0.225079
-0.04551807
0.2738451
-0.160258
0.3085117
0.01055485
0.3342111
-0.2037143
0.1472103
-0.1748964
0.2861783
-0.2006739
0.3733553
0.05666352
0.4990883
-0.1737451
0.3088154
-0.3224246
0.1737249
-0.143324
0.3489079
-0.06621164
0.3687491
-0.234516
0.2709068
-0.03935065
0.5029728
-0.009256669
0.4720242
-0.06738172
0.1595683
-0.1972689
0.2865727
0.06893393
0.3416506
0.1314989
0.7960472
-0.03012109
0.5015273
0.1334142
0.4305703
-0.1750802
0.3927614
-0.2343103
0.2619824
-0.3770033
0.5157349
-0.4575132
0.4253587
0.06463142
0.6170908
-0.2341174
0.5234987
-0.2171855
0.2420032
0.1402818
0.4303319
-0.1575557
0.312452
0.06237191
0.254748
-0.290633
0.3029843
0.02168002
0.4685749
-0.068284
0.4482075
-0.1118035
0.2107185
0.1051061
0.133895
0.2026979
0.5363571
-0.2605038
0.2788747
-0.1088993
0.5206866
-0.08349298
0.5714325
-0.2025253
0.2883944
0.03951898
0.3429413
-0.2743616
0.2284295
-0.0572092
0.2327419
-0.2255245
0.6610335
-0.02607292
0.3639471
-0.1447738
0.6426379
-0.09137176
0.3113202
-0.05171892
0.4842713
-0.03131627
0.5497579
0.1182529
0.4008226
-0.0818833
0.4928094
-0.06844073
0.4912153
-0.2689281
0.3604109
-0.3261542
0.4829522
-0.1496889
0.2893005
0.06964108
-0.09287079
-0.05298755
0.4576003
0.05381408
0.5381771
0.1068863
0.5632238
-0.2920092
0.336694
-0.2329666
0.06968586
-0.2419217
0.3370108
0.0259165
0.4588788
-0.3569743
0.6302675
0.09431347
0.346245
0.02238466
0.2837708
-0.1719091
0.5520103
-0.1794021
0.3787643
0.0372083
0.3014201
-0.3836276
0.6724877
0.06527663
0.4217579
-0.2362755
0.4456696
-0.2382879
0.4879041
-0.009734431
0.3420717
0.1080144
0.2588007
0.0674015
0.2791314
-0.2832182
0.700379
0.07687753
0.4864906
0.3040799
0.5463054
-0.04883507
0.3761432
-0.2484539
0.5032681
-0.1268552
0.5449439
-0.07087282
0.1277182
-0.1928547
0.2560605
-0.1072597
0.2582394
-0.04586661
0.4642122
0.2637982
0.4236375
-0.05556586
0.4917389
-0.1487329
0.219157
-0.07443952
0.1828987
0.05809844
0.278939
-0.02347922
0.5330374
-0.1822933
0.5551966
-0.1474284
0.3228687
-0.008872108
0.2668526
0.07242805
0.6394252
-0.1772865
0.1307479
-0.1278038
0.5732526
0.02722432
0.5885521
-0.3415172
0.2073553
-0.08943077
0.4079067
-0.3172152
0.2715543
-0.08228188
0.4788491
-0.092673
0.4512241
-0.09041855
0.6757052
-0.2435353
0.5017901
-0.1904851
0.5062552
0.1696906
0.4985829
-0.07801396
0.4358522
-0.04844081
0.2934536
-0.2460411
0.3974042
-0.07952601
0.3131126
-0.1716363
0.5275179
-0.2226584
0.5174335
0.04852132
0.5112784
-0.1977807
0.5978743
0.003821091
0.5877081
-0.07199249
0.4879397
0.08654761
0.5754265
0.07084159
0.4187602
-0.156243
0.6048065
-0.1271356
0.4870115
-0.1932402
0.4936595
0.09790877
0.5101039
-0.04129638
0.3903172
-0.02846035
0.4470407
-0.07284117
0.5372615
-0.3832557
0.4557923
-0.2063682
0.5197546
-0.03241882
0.2679826
-0.03622993
0.5552152
-0.01577887
0.4319548
-0.2554881
0.4992837
0.2017463
0.4882541
-0.006807088
0.7376471
0.10161
0.4403578
-0.3753923
0.7344354
-0.2085306
0.4523154
-0.1087014
0.6695547
0.005056895
0.4996545
-0.1802152
0.3615048
0.2286321
0.4425142
-0.09841923
0.6915171
-0.2915173
0.5553496
0.1011405
0.524041
-0.1890657
0.5275478
-0.1566825
0.5237504
-0.2617192
0.7524311
0.1258216
0.321411
-0.1272979
0.389568
-0.1654128
0.6570266
-0.1364239
0.4607224
0.1697492
0.4606245
-0.08765673
0.461567
0.02382511
0.2932033
-0.07740249
0.6250662
0.06153312
0.6002996
-0.009440406
0.5799881
-0.03795176
0.3455825
-0.3194658
0.563104
0.1037996
0.625459
-0.1491035
0.2043819
-0.1766441
0.3477333
-0.1936356
0.5663212
0.06992106
0.4151471
-0.08874784
0.3183642
0.04438349
0.4765696
0.03918694
0.7362052
-0.13093
0.550544
-0.1956261
0.6050856
0.2377466
0.4826945
0.05275272
0.5950765
-0.05325671
0.6092672
0.02015272
0.5324095
0.1237072
0.3074487
0.08894803
0.6557485
0.08491866
0.2548847
0.01129243
0.394171
0.1358845
0.4251989
-0.1366062
0.7954389
0.03769291
0.6246064
-0.2273406
0.5433381
-0.06793517
0.2318217
-0.09433223
0.6107152
0.2014369
0.5673341
-0.07431615
0.3748824
-0.06079002
0.6365929
-0.3434515
0.3421244
0.2022473
0.7426943
-0.04774525
0.6473157
-0.01758026
0.4309882
0.2458245
0.6069586
-0.2393233
0.7995612
-0.262123
0.7196104
0.04776456
0.55549
-0.282575
0.8578936
0.02447805
0.5151339
0.003732038
0.6539381
0.1056675
0.6737227
0.04990598
0.4832785
0.08299965
0.6898302
0.1064485
0.694474
0.07665367
0.8558862
0.08071575
0.5137262
-0.0066542
0.525781
0.1402632
0.6172725
-0.1309688
0.6952235
-0.2289887
0.7652324
0.1843372
0.691519
0.01409694
0.8045389
0.2403934
0.791689
-0.07170383
0.6354454
-0.003253764
0.6502545
0.1079796
0.4890347
-0.06779922
0.6526377
-0.1081023
0.7636344
-0.2583956
0.6681706
0.09223881
0.2825665
0.1590558
0.7903209
0.0001176295
0.6880831
-0.146994
0.6696211
0.05881025
0.6054898
-0.03092369
0.6054252
0.06627307
0.8313981
-0.1044448
0.6558205
-0.04966439
0.7046228
0.05844999
0.5504684
-0.3628859
0.5690323
0.08391766
0.8543831
-0.1491149
0.4619653
0.09948429
0.4769911
0.09100624
0.7082641
-0.081742
0.6994612
-0.02162166
0.5723292
0.1585861
0.6105714
-0.2075709
0.8458786
-0.005393072
0.7421441
0.0594379
0.6532331
-0.0473609
0.6248114
0.07071996
0.3915512
0.2598667
0.5687817
0.08929583
0.7349463
-0.07834258
0.7314638
0.1274082
0.7857538
0.0545244
0.5749628
0.02422327
0.7534904
0.06337325
0.6442226
0.03188078
0.5125809
-0.1816903
0.6182712
0.3095216
0.5445465
0.07698036
0.5197182
0.09888553
0.9376996
0.09471602
0.7024093
0.05424107
0.8150764
-0.04264793
0.8273906
0.2317695
1.173655
0.1837876
0.4563206
-0.116386
0.7938667
0.07881851
0.508746
0.1760309
0.6177898
0.1673534
0.5991787
-0.2114512
0.6861114
0.2475943
0.814702
-0.006650127
0.7651142
0.1072053
0.6063222
0.1162165
0.7766327
0.009864198
0.6315625
0.2502764
0.6268042
0.04096309
0.7602478
0.01798931
0.5493384
0.1561053
0.8626065
0.2464164
0.7068173
0.09002312
0.8585182
-0.07983997
0.6456469
0.1548389
0.693121
0.2307264
0.6270954
0.3135669
0.7620993
-0.06740247
0.739598
0.0907685
0.5634165
0.05873631
0.5459855
0.2052316
0.893801
0.2046909
0.7578752
0.124424
0.768272
0.01439328
0.7847662
-0.10524
0.67179
-0.03995203
0.6728173
0.1957109
0.770674
0.2333626
0.6862806
0.2796162
0.8849085
0.1283642
0.742604
0.01552884
0.8990387
-0.02567412
0.8032711
0.118249
0.7305927
-0.07449424
0.7366514
0.07777982
0.7236419
0.2674726
0.8345829
0.1984272
0.8476025
0.1332997
0.8646358
0.162941
0.6450827
0.1920843
1.008453
0.05685834
0.8431277
0.07503585
0.7138417
0.3010257
0.6151032
0.07617503
0.5613737
0.1866327
0.6132397
0.02405038
0.9229852
0.3709847
0.6064433
-0.03830491
0.8194875
0.1946384
0.86558
0.2931643
0.7702368
0.01747228
0.824165
0.03384548
0.838797
0.2421179
0.6608512
0.121409
0.7023817
0.2001324
1.023299
0.4169258
0.9724491
0.05980696
0.796948
0.2678183
0.68467
0.1433572
0.7118429
0.3117409
0.9622068
0.2402442
0.7604799
0.4263566
0.8526718
0.2686519
0.7902144
0.1343927
1.067468
0.05148845
0.7563103
0.1465358
0.9257262
0.4047063
0.6024078
0.07159735
0.8871484
0.2740886
0.8493447
0.306661
0.8882681
0.2643667
0.9379428
0.03010409
0.8241856
0.1404607
0.8532573
0.3865166
0.8668326
0.1210292
0.7511142
0.3322632
0.8597242
0.1201864
0.7311653
0.2873698
0.8668027
0.2352483
0.8733799
0.1144164
0.6791508
0.3379216
0.8305836
0.1343961
0.7929517
-0.01148708
0.729248
0.2183156
0.8025854
0.1793888
0.9720746
0.4127223
0.7895994
0.1826715
0.8843709
0.3126988
0.9449576
0.2000165
0.7341706
0.3694378
0.9163576
0.3177147
0.8812092
0.437976
0.8393105
0.09730382
0.8240806
0.2201952
0.6535855
0.1170427
0.8845723
0.3234722
0.7962836
0.12294
0.8325958
0.2830572
0.8664342
0.2608726
0.9186081
0.2963204
0.9215673
0.4383008
0.9477037
0.1809351
0.8441893
0.1937186
0.730108
0.3044215
0.7098817
0.2640381
0.7568268
0.2881888
1.033597
0.3127992
1.013878
0.2759408
0.8076381
0.2356046
0.8099451
0.1964286
0.8520507
0.328837
0.8025988
0.3429096
0.8495141
0.2500204
0.764769
0.3930829
0.976124
0.3249051
0.8523719
0.414705
1.065612
0.3081002
0.9253874
0.3531801
1.037215
0.322836
0.9342391
0.1859199
0.8686776
0.2648478
0.812735
0.2507347
0.8564942
0.3578663
0.894613
0.4090716
0.7465233
0.5248941
0.9959745
0.3134045
1.047989
0.4108976
0.8052102
0.2258213
0.8821537
0.4068086
0.9246174
0.3963357
0.866273
0.2566824
0.7962536
0.4028484
1.083088
0.4173659
0.9714919
0.4085893
0.8503494
0.4449521
0.9218337
0.3794418
0.9975645
0.4161553
0.8132892
0.4226488
0.9519818
0.5026818
0.6478499
0.3167649
0.8886843
0.4893949
0.7361263
0.3322532
0.9306124
0.3967956
0.8287664
0.2402333
0.9123623
0.3921185
0.9941021
0.5992434
0.8841538
0.236119
0.9389772
0.3449502
0.9074221
0.349112
0.9128796
0.3285993
0.9432827
0.3969045
0.9914002
0.2927757
0.8870792
0.3312997
0.9224365
0.3630174
0.9503954
0.3336639
0.9162467
0.4101124
0.8666318
0.4960015
0.9082535
0.2694354
0.9145926
0.2997003
0.8518178
0.4735652
0.902424
0.2565862
0.7505338
0.3935493
0.7774057
0.6506975
0.8777501
0.4770684
0.9571869
0.3276489
0.8784918
0.2467297
0.7899318
0.4508787
0.8261422
0.4991296
0.8128925
0.409512
0.8390507
0.3019517
0.9284111
0.5446889
0.8199508
0.5856278
0.8664955
0.4851121
0.8810279
0.560034
0.8076333
0.4105648
0.880962
0.4582218
0.8381946
0.5240651
0.940296
0.4206288
0.8469529
0.6557349
0.7193504
0.431426
0.8733732
0.5055726
0.9430708
0.3787771
1.001585
0.422327
0.8444974
0.440108
1.016661
0.4012933
0.86625
0.5630289
0.8448288
0.2997676
0.696343
0.4835316
1.010578
0.5399317
0.9712784
0.4516111
0.794765
0.4296753
0.8369388
0.5358797
0.9292873
0.4901072
0.9062954
0.4032536
0.8371459
0.6125529
1.017152
0.5137078
0.9781533
0.5594931
0.8803475
0.5349098
0.8790405
0.5696459
0.9567398
0.4520634
0.8064925
0.6138995
0.8163353
0.5287855
0.8871315
0.5204869
1.044083
0.4760744
0.858797
0.4933543
1.009442
0.6337858
0.945785
0.7220883
0.8789462
0.5119511
0.8553326
0.6869398
0.9243442
0.6499071
0.8636873
0.5216179
0.7533895
0.5248881
0.9560175
0.716332
0.9563685
0.5288674
0.7538955
0.5030882
0.716988
0.6552005
0.8399101
0.6113502
0.9939675
0.4954166
0.8287459
0.7031046
0.8479292
0.4701344
0.9749925
0.6117406
0.9217785
0.5765967
0.9048464
0.5856957
0.8613944
0.5273875
0.8349137
0.6941878
0.7903562
0.703532
0.9634281
0.5999705
1.053067
0.7213712
0.8051267
0.7275237
0.8862596
0.5496018
0.8377945
0.589533
0.8055537
0.5464726
0.8428163
0.5178726
0.9639916
0.6376114
0.9339963
0.6616669
0.9279703
0.4981475
0.755316
0.5787647
0.98255
0.6295884
0.9199713
0.6259701
0.8245723
0.5502766
0.7926803
0.5277475
0.6793779
0.6929368
0.8285642
0.7680978
0.9347076
0.5326871
0.8488709
0.6622077
0.8206689
0.6844271
0.7945303
0.4742881
0.8737492
0.5013831
0.7875108
0.7802283
0.7583028
0.6601183
0.9857349
0.6088924
0.8750194
0.6750156
0.8338093
0.7517487
0.7424927
0.6578334
0.8783293
0.5859606
0.9395866
0.7176335
0.9119555
0.6140853
0.9808995
0.6856892
0.7784143
0.6917258
0.7078881
0.5766305
0.8049242
0.75796
0.79923
0.7837377
0.8078519
0.8312525
0.7645097
0.6351818
1.002339
0.5347953
0.8593608
0.6059192
0.7507392
0.6227956
0.7957962
0.8813795
0.9556555
0.5875282
0.8366889
0.6914233
0.829361
0.8137821
0.9840404
0.8036467
0.7606547
0.7511764
0.8589638
0.6531755
0.8512477
0.6483802
0.7214777
0.8753419
0.8194457
0.7549759
0.8561695
0.6510322
0.8666106
0.7555566
0.8672745
0.7767425
0.7995033
0.6386664
0.7440338
0.6532829
0.8236089
0.8369589
0.8722049
0.6781027
0.8669012
0.7489911
0.8734187
0.6612608
0.802563
0.6867383
0.8450086
0.7597417
1.046222
0.7543358
0.8522204
0.7228744
0.8426023
0.6762114
0.8006752
0.7136068
0.7867547
0.6869461
0.7457678
0.8071753
0.9125082
0.7500064
0.7665324
0.7103741
0.9020085
0.7735888
0.7689007
0.887605
0.9000179
0.8767419
0.9265037
0.7554324
0.9148005
0.7902039
0.770133
0.6213059
0.9182702
0.749308
0.6625284
0.7557006
0.8952303
0.8677971
0.8790443
0.8700496
0.7955067
0.6954018
0.837123
0.8643259
0.8416055
0.7580577
0.8858882
0.7608919
0.7708242
0.7365933
0.9016708
0.7897915
0.8914589
0.8938706
0.7949374
0.7952502
0.8706622
0.7702544
0.6665353
0.8825259
0.7084084
0.776146
0.7585799
0.8051233
0.8316913
0.7544525
0.7395867
0.7351995
0.7936746
0.777786
0.6779711
0.7788653
0.7694903
0.7674766
0.8166717
0.796308
0.757363
0.8723361
0.7448238
0.8246799
0.7569231
0.8567039
0.7269179
0.8221773
0.7494999
0.816083
0.7409877
0.7957528
0.855051
0.8716772
0.7662276
0.811228
0.795267
0.8969901
0.7717372
0.885212
0.6978458
0.8782641
0.7366412
0.7783471
0.6826078
0.7809961
0.8277907
0.8734075
0.7916817
0.7582833
0.8320808
0.8012807
0.7608063
0.8340603
0.7681857
0.7996268
0.8226197
0.8324431
0.7198094
0.8599247
0.7316661
0.9759882
0.8361506
0.9774386
0.8878526
0.7418832
0.8004575
0.8826138
0.6121944
0.7846959
0.6682719
0.838978
0.6736611
0.8084976
0.8496309
0.9268943
0.7279533
0.8814073
0.8818057
0.8929803
0.8730291
0.8696905
0.785359
0.935255
0.7808278
0.9318112
0.7730379
0.9246307
0.8586331
0.8732922
0.7625009
0.8910487
0.7164553
0.9949726
0.8151185
0.8502628
0.8463277
0.9138398
0.6776077
0.9651304
0.7692348
0.8951675
0.7854934
0.8471334
0.6947867
0.92641
0.7160313
0.9225004
0.7423241
0.960474
0.6659704
0.9239081
0.7173764
0.9440523
0.674621
0.9377106
0.6623762
0.8096067
0.7721089
0.8935177
0.7339262
0.8114784
0.7568377
0.8847287
0.6559531
0.9388243
0.822152
1.02269
0.7233288
0.8478202
0.7316949
0.8809202
0.7259939
0.8380435
0.6733539
0.8921471
0.6572511
0.8565184
0.6981253
0.8332988
0.661951
0.9275329
0.704731
0.9139366
0.6726291
0.9566395
0.6344591
0.9244099
0.6914125
0.954399
0.640312
0.9073295
0.787365
0.8868163
0.720372
0.9954752
0.6382753
0.9354219
0.5594053
1.005448
0.7003016
0.9951035
0.729818
0.9408934
0.7251732
0.9990336
0.6805511
0.8736021
0.7488362
0.9160728
0.6610135
0.9471676
0.6067622
0.914273
0.6327657
0.9466182
0.6283574
1.006792
0.659499
0.8782529
0.5797776
0.9343814
0.6987118
1.010991
0.7640674
0.9988354
0.6359552
0.9490767
0.6828894
1.029081
0.7026865
0.9194966
0.6313124
0.9532385
0.6904294
1.022288
0.6286157
0.9701512
0.7080873
0.9659675
0.6112196
0.9570286
0.7185383
0.9957882
0.6459768
0.9088912
0.7229728
0.9353655
0.7268256
1.024093
0.5652037
1.017619
0.5549797
0.9838865
0.6740141
0.9648824
0.6853138
0.9380109
0.6907195
0.9808589
0.7534413
0.9930482
0.5817231
0.9570596
0.5757772
0.9360561
0.697814
1.059253
0.6885899
0.8892921
0.5961649
1.042293
0.597219
0.9357526
0.682714
0.9324021
0.6180696
0.9941756
0.6382923
0.9370771
0.6162543
0.9368974
0.6902702
0.9372969
0.6183774
0.9919661
0.5440484
0.9570928
0.6153011
0.9599892
0.568141
0.9285185
0.6828102
0.9661093
0.5899244
1.02052
0.7236909
0.9186241
0.5733795
1.031723
0.6781089
0.9889518
0.5990679
1.056018
0.5674386
1.009292
0.6246775
0.9948885
0.6140693
0.9506981
0.5687857
1.00593
0.6588571
0.9696974
0.5715412
0.9752545
0.6366389
0.9413098
0.5419261
1.010439
0.6137956
0.9702596
0.558754
1.050358
0.5900555
0.9839436
0.5552012
1.031855
0.6280121
0.9785565
0.5897556
0.9579038
0.6061687
1.024556
0.571479
1.005572
0.5559915
1.0781
0.5855449
1.066025
0.6455132
0.989575
0.4497338
0.9528604
0.5865879
0.9483045
0.6274889
1.021264
0.5282148
1.004119
0.6211667
1.028521
0.5112414
1.068052
0.563522
1.023123
0.5785679
1.04934
0.5026497
1.010518
0.5622087
1.001378
0.5532093
0.9911893
0.5550308
1.007817
0.6103881
1.003494
0.5577716
1.052846
0.5385275
1.040146
0.5463354
1.020509
0.4314575
0.9621757
0.6098488
1.076005
0.5053517
0.9616478
0.6064517
0.9391189
0.504425
1.007821
0.57584
1.006518
0.4408782
1.025928
0.5011046
1.001273
0.5822914
1.013301
0.5550749
1.061759
0.5499182
1.033581
0.5487891
1.03694
0.5556538
1.032464
0.4733195
0.9367231
0.4953861
1.051501
0.4881761
1.032841
0.5150803
0.9725916
0.5166861
0.9535149
0.5450253
1.069743
0.5233908
1.034706
0.5009673
1.013748
0.5434842
1.020241
0.4960746
1.036583
0.5436412
0.9973634
0.4286452
1.079119
0.4592112
1.043981
0.5212427
1.046078
0.5014263
1.103987
0.4587562
1.037251
0.4986477
1.005215
0.5331576
1.023462
0.4919432
1.066776
0.441441
1.025473
0.500537
0.9921156
0.447307
1.003821
0.4661256
1.04387
0.4829879
1.039575
0.487976
1.048876
0.5440951
1.072411
0.4955504
1.037215
0.4889821
1.043557
0.4758925
1.107177
0.473437
1.056615
0.4756131
1.007543
0.4841093
1.005659
0.4468164
1.027165
0.4587394
1.052454
0.4293413
1.021605
0.5123132
1.072782
0.4491374
1.036102
0.4371005
0.9725094
0.4629949
1.044448
0.4542475
1.064289
0.4807783
1.08589
0.522227
1.009294
0.4174974
1.047332
0.4753559
1.062674
0.434919
1.095678
0.4117585
1.089183
0.5241237
1.076522
0.4138172
1.061405
0.4269567
1.030374
0.4640843
1.062331
0.4964058
1.040899
0.3523379
1.057229
0.4332352
1.042467
0.4583752
1.117706
0.3789989
1.049757
0.4620534
1.015142
0.4360017
1.030876
0.4660021
1.048698
0.4689767
1.026744
0.4301975
1.108724
0.3838825
1.098152
0.4512417
1.054317
0.4425457
1.022117
0.4156468
1.051972
0.3929807
0.9975047
0.418419
1.0108
0.4574876
1.083818
0.4322382
1.071855
0.4043663
1.053942
0.3624723
1.06667
0.4384407
1.074723
0.3962681
1.092778
0.4392566
1.057993
0.3989326
1.046961
0.3883294
1.078741
0.4276076
1.086444
0.3846795
1.040725
0.4418254
1.007072
0.3562111
1.056479
0.341419
1.079845
0.4384999
1.078686
0.4127936
1.039337
0.3907599
1.052787
0.3791687
1.036081
0.4273903
1.043332
0.4581076
1.03928
0.3417623
1.090555
0.3831584
1.066144
0.371274
1.065578
0.4147162
1.060452
0.3654052
1.003699
0.382811
1.087903
0.3655927
1.021282
0.3742117
1.022386
0.3428636
1.063664
0.3707374
1.043549
0.3669265
1.070385
0.3649672
1.029292
0.3929622
1.042036
0.3966469
1.016168
0.4102373
1.034616
0.33775
1.027488
0.381029
1.058393
0.3661999
1.045292
0.3725392
1.056955
0.3079081
1.093897
0.4157242
1.000827
0.2964003
1.007255
0.3233816
1.054659
0.3386624
1.090225
0.3322403
1.064985
0.3452234
1.032391
0.3768325
1.088143
0.3247008
1.036996
0.3556433
1.094637
0.3497763
1.048328
0.3220797
1.058183
0.3597848
1.078362
0.3479409
1.091313
0.2961902
1.038477
0.3029997
1.060888
0.3681996
1.042901
0.3207341
1.031886
0.3408548
1.075869
0.3392128
1.053815
0.3172085
1.113417
0.3236803
1.030804
0.3226516
1.054221
0.2750856
1.020492
0.3581034
1.025679
0.3673617
1.042833
0.3154815
1.056622
0.3255728
1.030797
0.2889979
1.060535
0.3051674
1.058923
0.3163149
1.066287
0.3007841
1.04501
0.3279089
1.061522
0.2838864
1.038148
0.2965726
1.049615
0.3110043
1.074071
0.3014606
1.00668
0.3174344
1.03323
0.2990852
1.039946
0.3367209
1.05987
0.2693106
1.08261
0.3033772
1.013454
0.2992702
1.044649
0.3076223
1.018474
0.2819064
1.046037
0.2950141
1.045704
0.258781
1.05375
0.2805787
1.080276
0.2801808
1.088435
0.2986515
1.044049
0.307629
1.006964
0.274239
1.026028
0.2881325
1.043595
0.2837057
1.047773
0.3029885
1.034594
0.3421756
1.058336
0.2935731
1.054372
0.2896453
1.029222
0.2675239
1.090636
0.2999958
1.032881
0.2840172
1.058869
0.2505514
1.068989
0.3045157
1.035998
0.2960462
1.036901
0.275229
1.056828
0.2426478
1.043254
0.2474959
1.064965
0.2656702
1.040313
0.2803985
1.027365
0.2553977
1.026328
0.2892247
1.022846
0.2651173
1.05001
0.263485
1.047964
0.2676466
1.061938
0.2577044
1.049529
0.2498423
1.049437
0.2711226
1.029902
0.2774896
1.064946
0.2731277
1.016021
0.2603922
1.060763
0.2140892
1.036231
0.2574973
1.07247
0.2620946
1.02731
0.2523907
1.029194
0.2673221
1.028288
0.2698562
1.023099
0.2333327
1.035177
0.2273593
1.063923
0.252234
1.018451
0.2634934
1.048069
0.2710305
1.014387
0.2477628
1.046627
0.2480727
1.036162
0.267541
1.037288
0.2431645
1.022831
0.2345925
1.041065
0.2566809
1.035731
0.256384
1.022223
0.2422512
1.008633
0.2362622
1.014935
0.2472673
1.026262
0.230479
1.030382
0.2297245
1.031671
0.253943
1.036899
0.2699453
1.027606
0.2106595
1.042571
0.2236318
1.0211
0.2368633
1.02536
0.2270899
1.017914
0.2004062
1.021048
0.2322718
1.034003
0.2533275
1.032315
0.2367919
1.024523
0.2229677
1.015002
0.2490419
1.040329
0.2170347
1.013705
0.2414328
1.007084
0.2300924
1.013295
0.2187345
1.029729
0.2137185
1.03624
0.252539
1.029354
0.2291975
1.006362
0.2017533
1.042824
0.2195328
1.032295
0.2029806
1.03701
0.2108825
1.024433
0.2281969
1.037275
0.2434915
1.021274
0.2034778
1.031934
0.2145997
1.038018
0.2379886
1.036184
0.1748258
1.022134
0.2233176
1.028192
0.220758
1.013743
0.2348229
1.006366
0.1980966
1.012677
0.2042679
1.004246
0.1942842
1.025105
0.2031792
0.9964572
0.2121853
0.9966196
0.2009001
1.019027
0.1913433
1.009147
0.1944575
1.012088
0.2156402
1.012471
0.1935605
1.040568
0.1986445
1.01312
0.206728
1.01638
0.2087169
0.9945043
0.1865507
1.021603
0.2028713
0.9983043
0.2023205
1.025967
0.1739497
1.040589
0.1973511
1.019722
0.1921172
1.007966
0.187541
1.005053
0.1999151
1.01978
0.2046173
1.004201
0.1740014
1.021935
0.1903996
1.007383
0.2005872
1.025215
0.1768315
1.001671
0.1844912
1.037726
0.1659218
1.011197
0.1975568
1.004956
0.1986043
1.023366
0.1757754
1.029926
0.1721342
1.03499
0.1885439
1.00314
0.1675433
0.9969704
0.2014293
1.002552
0.167006
1.023993
0.1727081
1.012779
0.1721734
0.9965978
0.1877499
1.01124
0.1930175
1.017749
0.1750488
1.00826
0.1661867
1.002421
0.1715286
1.005828
0.1588923
0.9893644
0.1803755
1.008918
0.1822502
1.000612
0.1764178
1.014125
0.1778986
0.9913188
0.1517954
0.9937732
0.1699924
0.9941778
0.1692668
1.014399
0.1743646
1.005054
0.1687428
1.018458
0.1687863
1.014412
0.1501691
1.007597
0.1438631
1.000337
0.1694312
1.000954
0.1625603
1.004081
0.153378
1.004624
0.1648673
0.996912
0.1565613
1.009778
0.1529894
1.007654
0.1702975
1.004339
0.1515385
0.9936664
0.1603479
1.013645
0.1575628
1.013943
0.1507551
1.005474
0.171409
1.00452
0.1552192
0.9982382
0.1616769
0.9938046
0.145669
0.9927359
0.1462403
0.9867765
0.1492838
1.003965
0.1374957
0.9995193
0.1417777
0.9992747
0.1487441
1.006166
0.1526635
0.987027
0.1635234
0.9889545
0.1405847
0.9792557
0.1421098
0.9907238
0.1382561
0.9774274
0.1347674
1.017231
0.1402204
0.9986323
0.1333091
0.9717978
0.1377218
0.9700047
0.137887
0.989525
0.1442213
0.990422
0.1460917
0.9811339
0.139698
0.9953092
0.1434851
0.9738837
0.1260292
0.9895604
0.150022
0.9894651
0.1328315
0.9858004
0.147137
0.9926123
0.1254193
0.9834847
0.1311509
0.9813403
0.1290471
0.9689294
0.1380884
0.9835151
0.1426324
0.9827189
0.1390824
0.9894705
0.116787
0.9956722
0.1296191
0.9797396
0.1264381
0.9710034
0.1258467
0.9858068
0.1328569
0.9855814
0.1300559
0.9890881
0.1341731
0.9795036
0.1188853
0.9709916
0.1286689
0.9836886
0.1242135
0.9736745
0.1217373
0.9770558
0.1293515
0.9846296
0.1180669
0.9871125
0.1427391
0.9775442
0.1326363
0.9624206
0.1267694
0.9782568
0.1157542
0.979048
0.1188419
0.9775422
0.1164298
0.9855567
0.11619
0.9721999
0.1272939
0.9629667
0.1344437
0.9805239
0.1171797
0.9637778
0.1146278
0.9834508
0.1130354
0.9799964
0.1189026
0.9718016
0.1245737
0.9807439
0.1177919
0.9705243
0.1310276
0.9752478
0.1163245
0.964495
0.1133338
0.9779285
0.120232
0.9600474
0.1200638
0.976625
0.1244932
0.9736016
0.1138312
0.9571969
0.1173526
0.9712569
0.1200524
0.9669192
0.1116614
0.9676821
0.1073636
0.9667776
0.1110818
0.9683434
0.1163651
0.958132
0.1147203
0.9599469
0.1161395
0.9726474
0.1041254
0.9721396
0.108558
0.9694871
0.1215575
0.9580634
0.1027554
0.9667872
0.1120504
0.9695968
0.1089933
0.9694364
0.1080847
0.9626224
0.113847
0.96517
0.1191283
0.9645764
0.1121377
0.9648287
0.1075674
0.9575616
0.1100183
0.9664452
0.1135386
0.9536397
0.1112308
0.9599375
0.1081944
0.9573629
0.1075675
0.960767
0.115723
0.9621001
0.1121814
0.958113
0.1115811
0.956921
0.1105268
0.9528249
0.1102231
0.9602072
0.1118859
0.9567952
0.1159759
0.9547902
0.10736
0.961413
0.1197704
0.9610196
0.1089825
0.9559904
0.1042616
0.9632737
0.1089084
0.955042
0.1114736
0.9488905
0.1102331
0.9518248
0.1121152
0.9518262
0.1078349
0.9520134
0.1087802
0.9532396
0.114727
0.9499894
0.1073178
0.946676
0.1057784
0.9529288
0.098266
0.9511767
0.107427
0.9496322
0.1097406
0.9482256
0.1047134
0.9486408
0.1082816
0.9485016
0.1047819
0.9503492
0.09468833
0.9594852
0.1064392
0.9477829
0.1157129
0.9513993
0.1026781
0.9489069
0.1010434
0.9512043
0.1107619
0.9544667
0.1026564
0.9456579
0.109442
0.9447505
0.1130143
0.9426623
0.1068246
0.9408304
0.09928229
0.9471332
0.1057536
0.9434563
0.1099284
0.9465479
0.1040513
0.9519359
0.1039703
0.9417885
0.1078223
0.9353228
0.106618
0.9451664
0.09812447
0.9429113
0.1004998
0.9423304
0.1038842
0.9441374
0.1074506
0.9434339
0.103337
0.9451499
0.1044046
0.9412323
0.1058606
0.9400597
0.09862848
0.9398715
0.1049946
0.9456217
0.1019255
0.9408313
0.1027998
0.9479743
0.1058208
0.9437988
0.09964574
0.9367973
0.1019553
0.939702
0.1076059
0.9442707
0.1046557
0.936178
0.0970592
0.9445255
0.102931
0.9457639
0.1000294
0.9350997
0.1013743
0.9381457
0.09929383
0.9379733
0.09955028
0.9326794
0.09753478
0.9384245
0.09898852
0.9386725
0.09537212
0.9377535
0.1001821
0.937511
0.100732
0.93718
0.09517193
0.9354202
0.09788478
0.9406369
0.09916631
0.9376109
0.09613211
0.9360024
0.09647011
0.9359857
0.09615
0.9323256
0.09412786
0.937408
0.1003378
0.9366494
0.09332568
0.9356696
0.09844489
0.9366496
0.09733234
0.9317189
0.09487509
0.9351091
0.09335112
0.9375217
0.09219973
0.9375309
0.09664205
0.93589
0.09975646
0.9373183
0.09148055
0.9341589
0.09326638
0.9343658
0.09532864
0.9350941
0.09766718
0.9325628
0.09398832
0.9330984
0.0947423
0.9316672
0.09188973
0.932394
0.09478272
0.9326308
0.09445636
0.9347518
0.09380554
0.9321143
0.08842264
0.9346992
0.09163669
0.9309795
0.09187888
0.9329699
0.09045815
0.9351665
0.0905171
0.9316144
0.08996071
0.9312226
0.0923534
0.929903
0.08996164
0.9322008
0.09425709
0.9312127
0.09148841
0.931097
0.08711034
0.9300936
0.09174228
0.9314744
0.08832856
0.9275266
0.08863544
0.9306909
0.08878809
0.9321693
0.0882018
0.9312808
0.09248545
0.92914
0.09025775
0.9314971
0.09238622
0.9297611
0.08629921
0.9325774
0.09125308
0.9296875
0.08677041
0.9295213
0.08992393
0.9287983
0.0874691
0.9288594
0.08933698
0.9299104
0.08802875
0.9303551
0.08736643
0.9299694
0.08830978
0.9298919
0.08968005
0.9304108
0.08702635
0.9273682
0.08992691
0.9294631
0.0883316
0.9277045
0.08904739
0.9289749
0.08694714
0.9289919
0.08922834
0.9302964
0.08992893
0.9263802
0.08741598
0.9278338
0.08977063
0.9296901
0.08968639
0.9250979
0.08888802
0.9271512
0.08693796
0.9262097
0.08911186
0.9272731
0.08794592
0.9268874
0.08787283
0.9289356
0.08847196
0.927339
0.08775758
0.9281192
0.08731718
0.9298302
0.08824427
0.9289582
0.08762647
0.9282578
0.08826459
0.9292431
0.08976391
0.9280593
0.0886086
0.9269968
0.08826764
0.9305019
0.08911404
0.9280508
0.08872855
0.9270192
0.0871852
0.9272308
0.0877009
0.9267879
0.08873237
0.9275466
0.08772324
0.9270234
0.08684529
0.9286876
0.08769086
0.9274477
0.08707512
0.9283642
0.08887511
0.9258109
0.08966205
0.9283558
0.08870899
0.9271286
0.0872684
0.9270666
0.0888937
0.9283602
0.08903123
0.9275247
0.08852448
0.9286525
0.08850966
0.9275432
0.08724262
0.9272792
0.08906363
0.9266325
0.08780932
0.9269013
0.08712205
0.928869
0.08910371
0.9274777
0.08907885
0.9277224
0.08953745
0.9287788
0.08803038
0.9274725
0.08895177
0.9290104
0.08831479
0.9274904
0.0897063
0.9291422
0.08855527
0.9279221
0.08855674
0.9287915
0.08888969
0.9301286
0.08874074
0.9279407
0.08961163
0.928667
0.08936363
0.9299072
0.0886717
0.9296528
0.08928671
0.9296694
0.08828001
0.9306804
0.0888129
0.9309828
0.08850849
0.9316518
0.08877252
0.9303651
0.08957739
0.930281
0.08917776
0.9316067
0.08991495
0.9306912
0.08913899
0.9314631
0.08936935
0.9308341
0.08904645
0.9314021
0.08972257
0.9327327
0.08921648
0.9320478
0.09018295
0.9318097
0.08864791
0.9339671
0.08909445
0.9341408
0.08997212
0.9328807
0.08926234
0.9333608
0.08953989
0.9337245
0.08996588
0.9341497
0.09000853
0.9337381
0.08944556
0.9343998
0.0901857
0.9345295
0.09038726
0.9342809
0.09020461
0.9359697
0.09021062
0.9351566
0.09049186
0.9356226
0.0907482
0.9361355
0.09003068
0.9370195
0.09042222
0.9385501
0.09070941
0.9379202
0.09033981
0.9379089
0.08984683
0.9384931
0.09023631
0.9390177
0.09070662
0.9400212
0.089684
0.9407178
0.08955941
0.9408323
0.09032045
0.940985
0.0903434
0.9413742
0.09000585
0.9418987
0.08986758
0.9429041
0.08967639
0.9426609
0.08941684
0.9442289
0.08971012
0.9436391
0.08939528
0.9448661
0.08945961
0.9450806
0.08938741
0.9452888
0.08936431
0.9464351
0.08921994
0.946369
0.08859097
0.9471266
0.08929154
0.9473759
0.08868582
0.9490042
0.0882581
0.9491518
0.08821797
0.949287
0.08794379
0.9504365
0.08788507
0.9503963
0.0879
0.9512064
0.08757993
0.9516954
0.08707119
0.9521507
0.08704805
0.9529399
0.08643753
0.9532595
0.0867374
0.954172
0.0863725
0.9549075
0.08607037
0.9556463
0.08582352
0.9560531
0.0853964
0.956276
0.08500873
0.9574838
0.08430844
0.9578267
0.08408733
0.9587227
0.08408081
0.9588662
0.08351112
0.9595718
0.08337111
0.9603128
0.08299524
0.96083
0.0822603
0.9621074
0.0822157
0.9620866
0.08197749
0.9629824
0.08112847
0.9633176
0.0810207
0.9638506
0.07988252
0.9643084
0.07983331
0.9654331
0.07960297
0.9657217
0.07876946
0.9662763
0.07835923
0.96699
0.0781768
0.9678064
0.07737457
0.9685004
0.07703216
0.9688271
0.07615984
0.9693497
0.07569988
0.9699484
0.07492039
0.9706955
0.07462882
0.9713788
0.07384013
0.9716394
0.07326011
0.9725468
0.07246299
0.9730334
0.07224366
0.973386
0.07155706
0.9738464
0.07073238
0.9747395
0.07027343
0.9750258
0.0698098
0.9757731
0.06914506
0.976042
0.06819721
0.9769563
0.0675029
0.9777141
0.06712931
0.9778066
0.06604116
0.9782447
0.06541786
0.9786982
0.06498619
0.9794414
0.06424595
0.9796806
0.06351015
0.9800022
0.06281822
0.9807889
0.06223542
0.9815565
0.06112119
0.9818363
0.06035201
0.981895
0.05946263
0.9825431
0.0587769
0.9830363
0.05809297
0.9833418
0.05684673
0.982834
0.05697745
0.9838061
0.05620256
0.9842353
0.05539808
0.985191
0.05472599
0.9859732
0.05390698
0.9857275
0.05236661
0.9858171
0.05199175
0.9865484
0.0511933
0.9867397
0.05045097
0.9870566
0.04967408
0.9873962
0.04878698
0.9881238
0.0479586
0.9879478
0.04732251
0.9884304
0.04662291
0.9889882
0.04584847
0.9891052
0.04490424
0.9893887
0.04427896
0.9898712
0.04339606
0.9901966
0.0425921
0.9904147
0.0417461
0.9906938
0.0411602
0.99102
0.04006633
0.9914073
0.03926425
0.9917976
0.03856045
0.9919944
0.03775764
0.9924297
0.03690485
0.9927098
0.03607524
0.992782
0.03510007
0.9931313
0.03429917
0.9933289
0.03354776
0.9936461
0.03277823
0.9938961
0.03198773
0.9942705
0.0310827
0.9945219
0.03031545
0.9949045
0.02955686
0.9952034
0.02867501
0.9955029
0.02772322
0.9957523
0.02680662
0.9959509
0.02599527
0.9962335
0.02520628
0.9965711
0.02426381
0.9968568
0.02337707
0.9971122
0.02245888
0.997407
0.02155946
0.9976595
0.02057577
0.9975667
0.01955657
0.9982977
0.01932231
0.9985476
0.01800405
0.9988384
0.01700492
0.9990966
0.01597103
0.9992983
0.01487637
0.9995114
0.0138614
0.9997119
0.01282204
0.9999313
0.0117128
1.000075
0.01072323
1.000241
0.009669156
1.000349
0.008604588
1.000399
0.007568773
1.00041
0.006800927
1.000769
0.005422172
1.000772
0.00435424
1.00083
0.003254616
1.000886
0.002171552
1.000875
0.001078788
1.001125
0
1.000875
-0.001078788
1.000886
-0.002171552
1.00083
-0.003254616
1.000772
-0.00435424
1.000769
-0.005422172
1.00041
-0.006800927
1.000399
-0.007568773
1.000349
-0.008604588
1.000241
-0.009669156
1.000075
-0.01072323
0.9999313
-0.0117128
0.9997119
-0.01282204
0.9995114
-0.0138614
0.9992983
-0.01487637
0.9990966
-0.01597103
0.9988384
-0.01700492
0.9985476
-0.01800405
0.9982977
-0.01932231
0.9975667
-0.01955657
0.9976595
-0.02057577
0.997407
-0.02155946
0.9971122
-0.02245888
0.9968568
-0.02337707
0.9965711
-0.02426381
0.9962335
-0.02520628
0.9959509
-0.02599527
0.9957523
-0.02680662
0.9955029
-0.02772322
0.9952034
-0.02867501
0.9949045
-0.02955686
0.9945219
-0.03031545
0.9942705
-0.0310827
0.9938961
-0.03198773
0.9936461
-0.03277823
0.9933289
-0.03354776
0.9931313
-0.03429917
0.992782
-0.03510007
0.9927098
-0.03607524
0.9924297
-0.03690485
0.9919944
-0.03775764
0.9917976
-0.03856045
0.9914073
-0.03926425
0.99102
-0.04006633
0.9906938
-0.0411602
0.9904147
-0.0417461
0.9901966
-0.0425921
0.9898712
-0.04339606
0.9893887
-0.04427896
0.9891052
-0.04490424
0.9889882
-0.04584847
0.9884304
-0.04662291
0.9879478
-0.04732251
0.9881238
-0.0479586
0.9873962
-0.04878698
0.9870566
-0.04967408
0.9867397
-0.05045097
0.9865484
-0.0511933
0.9858171
-0.05199175
0.9857275
-0.05236661
0.9859732
-0.05390698
0.985191
-0.05472599
0.9842353
-0.05539808
0.9838061
-0.05620256
0.982834
-0.05697745
0.9833418
-0.05684673
0.9830363
-0.05809297
0.9825431
-0.0587769
0.981895
-0.05946263
0.9818363
-0.06035201
0.9815565
-0.06112119
0.9807889
-0.06223542
0.9800022
-0.06281822
0.9796806
-0.06351015
0.9794414
-0.06424595
0.9786982
-0.06498619
0.9782447
-0.06541786
0.9778066
-0.06604116
0.9777141
-0.06712931
0.9769563
-0.0675029
0.976042
-0.06819721
0.9757731
-0.06914506
0.9750258
-0.0698098
0.9747395
-0.07027343
0.9738464
-0.07073238
0.973386
-0.07155706
0.9730334
-0.07224366
0.9725468
-0.07246299
0.9716394
-0.07326011
0.9713788
-0.07384013
0.9706955
-0.07462882
0.9699484
-0.07492039
0.9693497
-0.07569988
0.9688271
-0.07615984
0.9685004
-0.07703216
0.9678064
-0.07737457
0.96699
-0.0781768
0.9662763
-0.07835923
0.9657217
-0.07876946
0.9654331
-0.07960297
0.9643084
-0.07983331
0.9638506
-0.07988252
0.9633176
-0.0810207
0.9629824
-0.08112847
0.9620866
-0.08197749
0.9621074
-0.0822157
0.96083
-0.0822603
0.9603128
-0.08299524
0.9595718
-0.08337111
0.9588662
-0.08351112
0.9587227
-0.08408081
0.9578267
-0.08408733
0.9574838
-0.08430844
0.956276
-0.08500873
0.9560531
-0.0853964
0.9556463
-0.08582352
0.9549075
-0.08607037
0.954172
-0.0863725
0.9532595
-0.0867374
0.9529399
-0.08643753
0.9521507
-0.08704805
0.9516954
-0.08707119
0.9512064
-0.08757993
0.9503963
-0.0879
0.9504365
-0.08788507
0.949287
-0.08794379
0.9491518
-0.08821797
0.9490042
-0.0882581
0.9473759
-0.08868582
0.9471266
-0.08929154
0.946369
-0.08859097
0.9464351
-0.08921994
0.9452888
-0.08936431
0.9450806
-0.08938741
0.9448661
-0.08945961
0.9436391
-0.08939528
0.9442289
-0.08971012
0.9426609
-0.08941684
0.9429041
-0.08967639
0.9418987
-0.08986758
0.9413742
-0.09000585
0.940985
-0.0903434
0.9408323
-0.09032045
0.9407178
-0.08955941
0.9400212
-0.089684
0.9390177
-0.09070662
0.9384931
-0.09023631
0.9379089
-0.08984683
0.9379202
-0.09033981
0.9385501
-0.09070941
0.9370195
-0.09042222
0.9361355
-0.09003068
0.9356226
-0.0907482
0.9351566
-0.09049186
0.9359697
-0.09021062
0.9342809
-0.09020461
0.9345295
-0.09038726
0.9343998
-0.0901857
0.9337381
-0.08944556
0.9341497
-0.09000853
0.9337245
-0.08996588
0.9333608
-0.08953989
0.9328807
-0.08926234
0.9341408
-0.08997212
0.9339671
-0.08909445
0.9318097
-0.08864791
0.9320478
-0.09018295
0.9327327
-0.08921648
0.9314021
-0.08972257
0.9308341
-0.08904645
0.9314631
-0.08936935
0.9306912
-0.08913899
0.9316067
-0.08991495
0.930281
-0.08917776
0.9303651
-0.08957739
0.9316518
-0.08877252
0.9309828
-0.08850849
0.9306804
-0.0888129
0.9296694
-0.08828001
0.9296528
-0.08928671
0.9299072
-0.0886717
0.928667
-0.08936363
0.9279407
-0.08961163
0.9301286
-0.08874074
0.9287915
-0.08888969
0.9279221
-0.08855674
0.9291422
-0.08855527
0.9274904
-0.0897063
0.9290104
-0.08831479
0.9274725
-0.08895177
0.9287788
-0.08803038
0.9277224
-0.08953745
0.9274777
-0.08907885
0.928869
-0.08910371
0.9269013
-0.08712205
0.9266325
-0.08780932
0.9272792
-0.08906363
0.9275432
-0.08724262
0.9286525
-0.08850966
0.9275247
-0.08852448
0.9283602
-0.08903123
0.9270666
-0.0888937
0.9271286
-0.0872684
0.9283558
-0.08870899
0.9258109
-0.08966205
0.9283642
-0.08887511
0.9274477
-0.08707512
0.9286876
-0.08769086
0.9270234
-0.08684529
0.9275466
-0.08772324
0.9267879
-0.08873237
0.9272308
-0.0877009
0.9270192
-0.0871852
0.9280508
-0.08872855
0.9305019
-0.08911404
0.9269968
-0.08826764
0.9280593
-0.0886086
0.9292431
-0.08976391
0.9282578
-0.08826459
0.9289582
-0.08762647
0.9298302
-0.08824427
0.9281192
-0.08731718
0.927339
-0.08775758
0.9289356
-0.08847196
0.9268874
-0.08787283
0.9272731
-0.08794592
0.9262097
-0.08911186
0.9271512
-0.08693796
0.9250979
-0.08888802
0.9296901
-0.08968639
0.9278338
-0.08977063
0.9263802
-0.08741598
0.9302964
-0.08992893
0.9289919
-0.08922834
0.9289749
-0.08694714
0.9277045
-0.08904739
0.9294631
-0.0883316
0.9273682
-0.08992691
0.9304108
-0.08702635
0.9298919
-0.08968005
0.9299694
-0.08830978
0.9303551
-0.08736643
0.9299104
-0.08802875
0.9288594
-0.08933698
0.9287983
-0.0874691
0.9295213
-0.08992393
0.9296875
-0.08677041
0.9325774
-0.09125308
0.9297611
-0.08629921
0.9314971
-0.09238622
0.92914
-0.09025775
0.9312808
-0.09248545
0.9321693
-0.0882018
0.9306909
-0.08878809
0.9275266
-0.08863544
0.9314744
-0.08832856
0.9300936
-0.09174228
0.931097
-0.08711034
0.9312127
-0.09148841
0.9322008
-0.09425709
0.929903
-0.08996164
0.9312226
-0.0923534
0.9316144
-0.08996071
0.9351665
-0.0905171
0.9329699
-0.09045815
0.9309795
-0.09187888
0.9346992
-0.09163669
0.9321143
-0.08842264
0.9347518
-0.09380554
0.9326308
-0.09445636
0.932394
-0.09478272
0.9316672
-0.09188973
0.9330984
-0.0947423
0.9325628
-0.09398832
0.9350941
-0.09766718
0.9343658
-0.09532864
0.9341589
-0.09326638
0.9373183
-0.09148055
0.93589
-0.09975646
0.9375309
-0.09664205
0.9375217
-0.09219973
0.9351091
-0.09335112
0.9317189
-0.09487509
0.9366496
-0.09733234
0.9356696
-0.09844489
0.9366494
-0.09332568
0.937408
-0.1003378
0.9323256
-0.09412786
0.9359857
-0.09615
0.9360024
-0.09647011
0.9376109
-0.09613211
0.9406369
-0.09916631
0.9354202
-0.09788478
0.93718
-0.09517193
0.937511
-0.100732
0.9377535
-0.1001821
0.9386725
-0.09537212
0.9384245
-0.09898852
0.9326794
-0.09753478
0.9379733
-0.09955028
0.9381457
-0.09929383
0.9350997
-0.1013743
0.9457639
-0.1000294
0.9445255
-0.102931
0.936178
-0.0970592
0.9442707
-0.1046557
0.939702
-0.1076059
0.9367973
-0.1019553
0.9437988
-0.09964574
0.9479743
-0.1058208
0.9408313
-0.1027998
0.9456217
-0.1019255
0.9398715
-0.1049946
0.9400597
-0.09862848
0.9412323
-0.1058606
0.9451499
-0.1044046
0.9434339
-0.103337
0.9441374
-0.1074506
0.9423304
-0.1038842
0.9429113
-0.1004998
0.9451664
-0.09812447
0.9353228
-0.106618
0.9417885
-0.1078223
0.9519359
-0.1039703
0.9465479
-0.1040513
0.9434563
-0.1099284
0.9471332
-0.1057536
0.9408304
-0.09928229
0.9426623
-0.1068246
0.9447505
-0.1130143
0.9456579
-0.109442
0.9544667
-0.1026564
0.9512043
-0.1107619
0.9489069
-0.1010434
0.9513993
-0.1026781
0.9477829
-0.1157129
0.9594852
-0.1064392
0.9503492
-0.09468833
0.9485016
-0.1047819
0.9486408
-0.1082816
0.9482256
-0.1047134
0.9496322
-0.1097406
0.9511767
-0.107427
0.9529288
-0.098266
0.946676
-0.1057784
0.9499894
-0.1073178
0.9532396
-0.114727
0.9520134
-0.1087802
0.9518262
-0.1078349
0.9518248
-0.1121152
0.9488905
-0.1102331
0.955042
-0.1114736
0.9632737
-0.1089084
0.9559904
-0.1042616
0.9610196
-0.1089825
0.961413
-0.1197704
0.9547902
-0.10736
0.9567952
-0.1159759
0.9602072
-0.1118859
0.9528249
-0.1102231
0.956921
-0.1105268
0.958113
-0.1115811
0.9621001
-0.1121814
0.960767
-0.115723
0.9573629
-0.1075675
0.9599375
-0.1081944
0.9536397
-0.1112308
0.9664452
-0.1135386
0.9575616
-0.1100183
0.9648287
-0.1075674
0.9645764
-0.1121377
0.96517
-0.1191283
0.9626224
-0.113847
0.9694364
-0.1080847
0.9695968
-0.1089933
0.9667872
-0.1120504
0.9580634
-0.1027554
0.9694871
-0.1215575
0.9721396
-0.108558
0.9726474
-0.1041254
0.9599469
-0.1161395
0.958132
-0.1147203
0.9683434
-0.1163651
0.9667776
-0.1110818
0.9676821
-0.1073636
0.9669192
-0.1116614
0.9712569
-0.1200524
0.9571969
-0.1173526
0.9736016
-0.1138312
0.976625
-0.1244932
0.9600474
-0.1200638
0.9779285
-0.120232
0.964495
-0.1133338
0.9752478
-0.1163245
0.9705243
-0.1310276
0.9807439
-0.1177919
0.9718016
-0.1245737
0.9799964
-0.1189026
0.9834508
-0.1130354
0.9637778
-0.1146278
0.9805239
-0.1171797
0.9629667
-0.1344437
0.9721999
-0.1272939
0.9855567
-0.11619
0.9775422
-0.1164298
0.979048
-0.1188419
0.9782568
-0.1157542
0.9624206
-0.1267694
0.9775442
-0.1326363
0.9871125
-0.1427391
0.9846296
-0.1180669
0.9770558
-0.1293515
0.9736745
-0.1217373
0.9836886
-0.1242135
0.9709916
-0.1286689
0.9795036
-0.1188853
0.9890881
-0.1341731
0.9855814
-0.1300559
0.9858068
-0.1328569
0.9710034
-0.1258467
0.9797396
-0.1264381
0.9956722
-0.1296191
0.9894705
-0.116787
0.9827189
-0.1390824
0.9835151
-0.1426324
0.9689294
-0.1380884
0.9813403
-0.1290471
0.9834847
-0.1311509
0.9926123
-0.1254193
0.9858004
-0.147137
0.9894651
-0.1328315
0.9895604
-0.150022
0.9738837
-0.1260292
0.9953092
-0.1434851
0.9811339
-0.139698
0.990422
-0.1460917
0.989525
-0.1442213
0.9700047
-0.137887
0.9717978
-0.1377218
0.9986323
-0.1333091
1.017231
-0.1402204
0.9774274
-0.1347674
0.9907238
-0.1382561
0.9792557
-0.1421098
0.9889545
-0.1405847
0.987027
-0.1635234
1.006166
-0.1526635
0.9992747
-0.1487441
0.9995193
-0.1417777
1.003965
-0.1374957
0.9867765
-0.1492838
0.9927359
-0.1462403
0.9938046
-0.145669
0.9982382
-0.1616769
1.00452
-0.1552192
1.005474
-0.171409
1.013943
-0.1507551
1.013645
-0.1575628
0.9936664
-0.1603479
1.004339
-0.1515385
1.007654
-0.1702975
1.009778
-0.1529894
0.996912
-0.1565613
1.004624
-0.1648673
1.004081
-0.153378
1.000954
-0.1625603
1.000337
-0.1694312
1.007597
-0.1438631
1.014412
-0.1501691
1.018458
-0.1687863
1.005054
-0.1687428
1.014399
-0.1743646
0.9941778
-0.1692668
0.9937732
-0.1699924
0.9913188
-0.1517954
1.014125
-0.1778986
1.000612
-0.1764178
1.008918
-0.1822502
0.9893644
-0.1803755
1.005828
-0.1588923
1.002421
-0.1715286
1.00826
-0.1661867
1.017749
-0.1750488
1.01124
-0.1930175
0.9965978
-0.1877499
1.012779
-0.1721734
1.023993
-0.1727081
1.002552
-0.167006
0.9969704
-0.2014293
1.00314
-0.1675433
1.03499
-0.1885439
1.029926
-0.1721342
1.023366
-0.1757754
1.004956
-0.1986043
1.011197
-0.1975568
1.037726
-0.1659218
1.001671
-0.1844912
1.025215
-0.1768315
1.007383
-0.2005872
1.021935
-0.1903996
1.004201
-0.1740014
1.01978
-0.2046173
1.005053
-0.1999151
1.007966
-0.187541
1.019722
-0.1921172
1.040589
-0.1973511
1.025967
-0.1739497
0.9983043
-0.2023205
1.021603
-0.2028713
0.9945043
-0.1865507
1.01638
-0.2087169
1.01312
-0.206728
1.040568
-0.1986445
1.012471
-0.1935605
1.012088
-0.2156402
1.009147
-0.1944575
1.019027
-0.1913433
0.9966196
-0.2009001
0.9964572
-0.2121853
1.025105
-0.2031792
1.004246
-0.1942842
1.012677
-0.2042679
1.006366
-0.1980966
1.013743
-0.2348229
1.028192
-0.220758
1.022134
-0.2233176
1.036184
-0.1748258
1.038018
-0.2379886
1.031934
-0.2145997
1.021274
-0.2034778
1.037275
-0.2434915
1.024433
-0.2281969
1.03701
-0.2108825
1.032295
-0.2029806
1.042824
-0.2195328
1.006362
-0.2017533
1.029354
-0.2291975
1.03624
-0.252539
1.029729
-0.2137185
1.013295
-0.2187345
1.007084
-0.2300924
1.013705
-0.2414328
1.040329
-0.2170347
1.015002
-0.2490419
1.024523
-0.2229677
1.032315
-0.2367919
1.034003
-0.2533275
1.021048
-0.2322718
1.017914
-0.2004062
1.02536
-0.2270899
1.0211
-0.2368633
1.042571
-0.2236318
1.027606
-0.2106595
1.036899
-0.2699453
1.031671
-0.253943
1.030382
-0.2297245
1.026262
-0.230479
1.014935
-0.2472673
1.008633
-0.2362622
1.022223
-0.2422512
1.035731
-0.256384
1.041065
-0.2566809
1.022831
-0.2345925
1.037288
-0.2431645
1.036162
-0.267541
1.046627
-0.2480727
1.014387
-0.2477628
1.048069
-0.2710305
1.018451
-0.2634934
1.063923
-0.252234
1.035177
-0.2273593
1.023099
-0.2333327
1.028288
-0.2698562
1.029194
-0.2673221
1.02731
-0.2523907
1.07247
-0.2620946
1.036231
-0.2574973
1.060763
-0.2140892
1.016021
-0.2603922
1.064946
-0.2731277
1.029902
-0.2774896
1.049437
-0.2711226
1.049529
-0.2498423
1.061938
-0.2577044
1.047964
-0.2676466
1.05001
-0.263485
1.022846
-0.2651173
1.026328
-0.2892247
1.027365
-0.2553977
1.040313
-0.2803985
1.064965
-0.2656702
1.043254
-0.2474959
1.056828
-0.2426478
1.036901
-0.275229
1.035998
-0.2960462
1.068989
-0.3045157
1.058869
-0.2505514
1.032881
-0.2840172
1.090636
-0.2999958
1.029222
-0.2675239
1.054372
-0.2896453
1.058336
-0.2935731
1.034594
-0.3421756
1.047773
-0.3029885
1.043595
-0.2837057
1.026028
-0.2881325
1.006964
-0.274239
1.044049
-0.307629
1.088435
-0.2986515
1.080276
-0.2801808
1.05375
-0.2805787
1.045704
-0.258781
1.046037
-0.2950141
1.018474
-0.2819064
1.044649
-0.3076223
1.013454
-0.2992702
1.08261
-0.3033772
1.05987
-0.2693106
1.039946
-0.3367209
1.03323
-0.2990852
1.00668
-0.3174344
1.074071
-0.3014606
1.049615
-0.3110043
1.038148
-0.2965726
1.061522
-0.2838864
1.04501
-0.3279089
1.066287
-0.3007841
1.058923
-0.3163149
1.060535
-0.3051674
1.030797
-0.2889979
1.056622
-0.3255728
1.042833
-0.3154815
1.025679
-0.3673617
1.020492
-0.3581034
1.054221
-0.2750856
1.030804
-0.3226516
1.113417
-0.3236803
1.053815
-0.3172085
1.075869
-0.3392128
1.031886
-0.3408548
1.042901
-0.3207341
1.060888
-0.3681996
1.038477
-0.3029997
1.091313
-0.2961902
1.078362
-0.3479409
1.058183
-0.3597848
1.048328
-0.3220797
1.094637
-0.3497763
1.036996
-0.3556433
1.088143
-0.3247008
1.032391
-0.3768325
1.064985
-0.3452234
1.090225
-0.3322403
1.054659
-0.3386624
1.007255
-0.3233816
1.000827
-0.2964003
1.093897
-0.4157242
1.056955
-0.3079081
1.045292
-0.3725392
1.058393
-0.3661999
1.027488
-0.381029
1.034616
-0.33775
1.016168
-0.4102373
1.042036
-0.3966469
1.029292
-0.3929622
1.070385
-0.3649672
1.043549
-0.3669265
1.063664
-0.3707374
1.022386
-0.3428636
1.021282
-0.3742117
1.087903
-0.3655927
1.003699
-0.382811
1.060452
-0.3654052
1.065578
-0.4147162
1.066144
-0.371274
1.090555
-0.3831584
1.03928
-0.3417623
1.043332
-0.4581076
1.036081
-0.4273903
1.052787
-0.3791687
1.039337
-0.3907599
1.078686
-0.4127936
1.079845
-0.4384999
1.056479
-0.341419
1.007072
-0.3562111
1.040725
-0.4418254
1.086444
-0.3846795
1.078741
-0.4276076
1.046961
-0.3883294
1.057993
-0.3989326
1.092778
-0.4392566
1.074723
-0.3962681
1.06667
-0.4384407
1.053942
-0.3624723
1.071855
-0.4043663
1.083818
-0.4322382
1.0108
-0.4574876
0.9975047
-0.418419
1.051972
-0.3929807
1.022117
-0.4156468
1.054317
-0.4425457
1.098152
-0.4512417
1.108724
-0.3838825
1.026744
-0.4301975
1.048698
-0.4689767
1.030876
-0.4660021
1.015142
-0.4360017
1.049757
-0.4620534
1.117706
-0.3789989
1.042467
-0.4583752
1.057229
-0.4332352
1.040899
-0.3523379
1.062331
-0.4964058
1.030374
-0.4640843
1.061405
-0.4269567
1.076522
-0.4138172
1.089183
-0.5241237
1.095678
-0.4117585
1.062674
-0.434919
1.047332
-0.4753559
1.009294
-0.4174974
1.08589
-0.522227
1.064289
-0.4807783
1.044448
-0.4542475
0.9725094
-0.4629949
1.036102
-0.4371005
1.072782
-0.4491374
1.021605
-0.5123132
1.052454
-0.4293413
1.027165
-0.4587394
1.005659
-0.4468164
1.007543
-0.4841093
1.056615
-0.4756131
1.107177
-0.473437
1.043557
-0.4758925
1.037215
-0.4889821
1.072411
-0.4955504
1.048876
-0.5440951
1.039575
-0.487976
1.04387
-0.4829879
1.003821
-0.4661256
0.9921156
-0.447307
1.025473
-0.500537
1.066776
-0.441441
1.023462
-0.4919432
1.005215
-0.5331576
1.037251
-0.4986477
1.103987
-0.4587562
1.046078
-0.5014263
1.043981
-0.5212427
1.079119
-0.4592112
0.9973634
-0.4286452
1.036583
-0.5436412
1.020241
-0.4960746
1.013748
-0.5434842
1.034706
-0.5009673
1.069743
-0.5233908
0.9535149
-0.5450253
0.9725916
-0.5166861
1.032841
-0.5150803
1.051501
-0.4881761
0.9367231
-0.4953861
1.032464
-0.4733195
1.03694
-0.5556538
1.033581
-0.5487891
1.061759
-0.5499182
1.013301
-0.5550749
1.001273
-0.5822914
1.025928
-0.5011046
1.006518
-0.4408782
1.007821
-0.57584
0.9391189
-0.504425
0.9616478
-0.6064517
1.076005
-0.5053517
0.9621757
-0.6098488
1.020509
-0.4314575
1.040146
-0.5463354
1.052846
-0.5385275
1.003494
-0.5577716
1.007817
-0.6103881
0.9911893
-0.5550308
1.001378
-0.5532093
1.010518
-0.5622087
1.04934
-0.5026497
1.023123
-0.5785679
1.068052
-0.563522
1.028521
-0.5112414
1.004119
-0.6211667
1.021264
-0.5282148
0.9483045
-0.6274889
0.9528604
-0.5865879
0.989575
-0.4497338
1.066025
-0.6455132
1.0781
-0.5855449
1.005572
-0.5559915
1.024556
-0.571479
0.9579038
-0.6061687
0.9785565
-0.5897556
1.031855
-0.6280121
0.9839436
-0.5552012
1.050358
-0.5900555
0.9702596
-0.558754
1.010439
-0.6137956
0.9413098
-0.5419261
0.9752545
-0.6366389
0.9696974
-0.5715412
1.00593
-0.6588571
0.9506981
-0.5687857
0.9948885
-0.6140693
1.009292
-0.6246775
1.056018
-0.5674386
0.9889518
-0.5990679
1.031723
-0.6781089
0.9186241
-0.5733795
1.02052
-0.7236909
0.9661093
-0.5899244
0.9285185
-0.6828102
0.9599892
-0.568141
0.9570928
-0.6153011
0.9919661
-0.5440484
0.9372969
-0.6183774
0.9368974
-0.6902702
0.9370771
-0.6162543
0.9941756
-0.6382923
0.9324021
-0.6180696
0.9357526
-0.682714
1.042293
-0.597219
0.8892921
-0.5961649
1.059253
-0.6885899
0.9360561
-0.697814
0.9570596
-0.5757772
0.9930482
-0.5817231
0.9808589
-0.7534413
0.9380109
-0.6907195
0.9648824
-0.6853138
0.9838865
-0.6740141
1.017619
-0.5549797
1.024093
-0.5652037
0.9353655
-0.7268256
0.9088912
-0.7229728
0.9957882
-0.6459768
0.9570286
-0.7185383
0.9659675
-0.6112196
0.9701512
-0.7080873
1.022288
-0.6286157
0.9532385
-0.6904294
0.9194966
-0.6313124
1.029081
-0.7026865
0.9490767
-0.6828894
0.9988354
-0.6359552
1.010991
-0.7640674
0.9343814
-0.6987118
0.8782529
-0.5797776
1.006792
-0.659499
0.9466182
-0.6283574
0.914273
-0.6327657
0.9471676
-0.6067622
0.9160728
-0.6610135
0.8736021
-0.7488362
0.9990336
-0.6805511
0.9408934
-0.7251732
0.9951035
-0.729818
1.005448
-0.7003016
0.9354219
-0.5594053
0.9954752
-0.6382753
0.8868163
-0.720372
0.9073295
-0.787365
0.954399
-0.640312
0.9244099
-0.6914125
0.9566395
-0.6344591
0.9139366
-0.6726291
0.9275329
-0.704731
0.8332988
-0.661951
0.8565184
-0.6981253
0.8921471
-0.6572511
0.8380435
-0.6733539
0.8809202
-0.7259939
0.8478202
-0.7316949
1.02269
-0.7233288
0.9388243
-0.822152
0.8847287
-0.6559531
0.8114784
-0.7568377
0.8935177
-0.7339262
0.8096067
-0.7721089
0.9377106
-0.6623762
0.9440523
-0.674621
0.9239081
-0.7173764
0.960474
-0.6659704
0.9225004
-0.7423241
0.92641
-0.7160313
0.8471334
-0.6947867
0.8951675
-0.7854934
0.9651304
-0.7692348
0.9138398
-0.6776077
0.8502628
-0.8463277
0.9949726
-0.8151185
0.8910487
-0.7164553
0.8732922
-0.7625009
0.9246307
-0.8586331
0.9318112
-0.7730379
0.935255
-0.7808278
0.8696905
-0.785359
0.8929803
-0.8730291
0.8814073
-0.8818057
0.9268943
-0.7279533
0.8084976
-0.8496309
0.838978
-0.6736611
0.7846959
-0.6682719
0.8826138
-0.6121944
0.7418832
-0.8004575
0.9774386
-0.8878526
0.9759882
-0.8361506
0.8599247
-0.7316661
0.8324431
-0.7198094
0.7996268
-0.8226197
0.8340603
-0.7681857
0.8012807
-0.7608063
0.7582833
-0.8320808
0.8734075
-0.7916817
0.7809961
-0.8277907
0.7783471
-0.6826078
0.8782641
-0.7366412
0.885212
-0.6978458
0.8969901
-0.7717372
0.811228
-0.795267
0.8716772
-0.7662276
0.7957528
-0.855051
0.816083
-0.7409877
0.8221773
-0.7494999
0.8567039
-0.7269179
0.8246799
-0.7569231
0.8723361
-0.7448238
0.796308
-0.757363
0.7674766
-0.8166717
0.7788653
-0.7694903
0.777786
-0.6779711
0.7351995
-0.7936746
0.7544525
-0.7395867
0.8051233
-0.8316913
0.776146
-0.7585799
0.8825259
-0.7084084
0.7702544
-0.6665353
0.7952502
-0.8706622
0.8938706
-0.7949374
0.7897915
-0.8914589
0.7365933
-0.9016708
0.7608919
-0.7708242
0.7580577
-0.8858882
0.8643259
-0.8416055
0.6954018
-0.837123
0.8700496
-0.7955067
0.8677971
-0.8790443
0.7557006
-0.8952303
0.749308
-0.6625284
0.6213059
-0.9182702
0.7902039
-0.770133
0.7554324
-0.9148005
0.8767419
-0.9265037
0.887605
-0.9000179
0.7735888
-0.7689007
0.7103741
-0.9020085
0.7500064
-0.7665324
0.8071753
-0.9125082
0.6869461
-0.7457678
0.7136068
-0.7867547
0.6762114
-0.8006752
0.7228744
-0.8426023
0.7543358
-0.8522204
0.7597417
-1.046222
0.6867383
-0.8450086
0.6612608
-0.802563
0.7489911
-0.8734187
0.6781027
-0.8669012
0.8369589
-0.8722049
0.6532829
-0.8236089
0.6386664
-0.7440338
0.7767425
-0.7995033
0.7555566
-0.8672745
0.6510322
-0.8666106
0.7549759
-0.8561695
0.8753419
-0.8194457
0.6483802
-0.7214777
0.6531755
-0.8512477
0.7511764
-0.8589638
0.8036467
-0.7606547
0.8137821
-0.9840404
0.6914233
-0.829361
0.5875282
-0.8366889
0.8813795
-0.9556555
0.6227956
-0.7957962
0.6059192
-0.7507392
0.5347953
-0.8593608
0.6351818
-1.002339
0.8312525
-0.7645097
0.7837377
-0.8078519
0.75796
-0.79923
0.5766305
-0.8049242
0.6917258
-0.7078881
0.6856892
-0.7784143
0.6140853
-0.9808995
0.7176335
-0.9119555
0.5859606
-0.9395866
0.6578334
-0.8783293
0.7517487
-0.7424927
0.6750156
-0.8338093
0.6088924
-0.8750194
0.6601183
-0.9857349
0.7802283
-0.7583028
0.5013831
-0.7875108
0.4742881
-0.8737492
0.6844271
-0.7945303
0.6622077
-0.8206689
0.5326871
-0.8488709
0.7680978
-0.9347076
0.6929368
-0.8285642
0.5277475
-0.6793779
0.5502766
-0.7926803
0.6259701
-0.8245723
0.6295884
-0.9199713
0.5787647
-0.98255
0.4981475
-0.755316
0.6616669
-0.9279703
0.6376114
-0.9339963
0.5178726
-0.9639916
0.5464726
-0.8428163
0.589533
-0.8055537
0.5496018
-0.8377945
0.7275237
-0.8862596
0.7213712
-0.8051267
0.5999705
-1.053067
0.703532
-0.9634281
0.6941878
-0.7903562
0.5273875
-0.8349137
0.5856957
-0.8613944
0.5765967
-0.9048464
0.6117406
-0.9217785
0.4701344
-0.9749925
0.7031046
-0.8479292
0.4954166
-0.8287459
0.6113502
-0.9939675
0.6552005
-0.8399101
0.5030882
-0.716988
0.5288674
-0.7538955
0.716332
-0.9563685
0.5248881
-0.9560175
0.5216179
-0.7533895
0.6499071
-0.8636873
0.6869398
-0.9243442
0.5119511
-0.8553326
0.7220883
-0.8789462
0.6337858
-0.945785
0.4933543
-1.009442
0.4760744
-0.858797
0.5204869
-1.044083
0.5287855
-0.8871315
0.6138995
-0.8163353
0.4520634
-0.8064925
0.5696459
-0.9567398
0.5349098
-0.8790405
0.5594931
-0.8803475
0.5137078
-0.9781533
0.6125529
-1.017152
0.4032536
-0.8371459
0.4901072
-0.9062954
0.5358797
-0.9292873
0.4296753
-0.8369388
0.4516111
-0.794765
0.5399317
-0.9712784
0.4835316
-1.010578
0.2997676
-0.696343
0.5630289
-0.8448288
0.4012933
-0.86625
0.440108
-1.016661
0.422327
-0.8444974
0.3787771
-1.001585
0.5055726
-0.9430708
0.431426
-0.8733732
0.6557349
-0.7193504
0.4206288
-0.8469529
0.5240651
-0.940296
0.4582218
-0.8381946
0.4105648
-0.880962
0.560034
-0.8076333
0.4851121
-0.8810279
0.5856278
-0.8664955
0.5446889
-0.8199508
0.3019517
-0.9284111
0.409512
-0.8390507
0.4991296
-0.8128925
0.4508787
-0.8261422
0.2467297
-0.7899318
0.3276489
-0.8784918
0.4770684
-0.9571869
0.6506975
-0.8777501
0.3935493
-0.7774057
0.2565862
-0.7505338
0.4735652
-0.902424
0.2997003
-0.8518178
0.2694354
-0.9145926
0.4960015
-0.9082535
0.4101124
-0.8666318
0.3336639
-0.9162467
0.3630174
-0.9503954
0.3312997
-0.9224365
0.2927757
-0.8870792
0.3969045
-0.9914002
0.3285993
-0.9432827
0.349112
-0.9128796
0.3449502
-0.9074221
0.236119
-0.9389772
0.5992434
-0.8841538
0.3921185
-0.9941021
0.2402333
-0.9123623
0.3967956
-0.8287664
0.3322532
-0.9306124
0.4893949
-0.7361263
0.3167649
-0.8886843
0.5026818
-0.6478499
0.4226488
-0.9519818
0.4161553
-0.8132892
0.3794418
-0.9975645
0.4449521
-0.9218337
0.4085893
-0.8503494
0.4173659
-0.9714919
0.4028484
-1.083088
0.2566824
-0.7962536
0.3963357
-0.866273
0.4068086
-0.9246174
0.2258213
-0.8821537
0.4108976
-0.8052102
0.3134045
-1.047989
0.5248941
-0.9959745
0.4090716
-0.7465233
0.3578663
-0.894613
0.2507347
-0.8564942
0.2648478
-0.812735
0.1859199
-0.8686776
0.322836
-0.9342391
0.3531801
-1.037215
0.3081002
-0.9253874
0.414705
-1.065612
0.3249051
-0.8523719
0.3930829
-0.976124
0.2500204
-0.764769
0.3429096
-0.8495141
0.328837
-0.8025988
0.1964286
-0.8520507
0.2356046
-0.8099451
0.2759408
-0.8076381
0.3127992
-1.013878
0.2881888
-1.033597
0.2640381
-0.7568268
0.3044215
-0.7098817
0.1937186
-0.730108
0.1809351
-0.8441893
0.4383008
-0.9477037
0.2963204
-0.9215673
0.2608726
-0.9186081
0.2830572
-0.8664342
0.12294
-0.8325958
0.3234722
-0.7962836
0.1170427
-0.8845723
0.2201952
-0.6535855
0.09730382
-0.8240806
0.437976
-0.8393105
0.3177147
-0.8812092
0.3694378
-0.9163576
0.2000165
-0.7341706
0.3126988
-0.9449576
0.1826715
-0.8843709
0.4127223
-0.7895994
0.1793888
-0.9720746
0.2183156
-0.8025854
-0.01148708
-0.729248
0.1343961
-0.7929517
0.3379216
-0.8305836
0.1144164
-0.6791508
0.2352483
-0.8733799
0.2873698
-0.8668027
0.1201864
-0.7311653
0.3322632
-0.8597242
0.1210292
-0.7511142
0.3865166
-0.8668326
0.1404607
-0.8532573
0.03010409
-0.8241856
0.2643667
-0.9379428
0.306661
-0.8882681
0.2740886
-0.8493447
0.07159735
-0.8871484
0.4047063
-0.6024078
0.1465358
-0.9257262
0.05148845
-0.7563103
0.1343927
-1.067468
0.2686519
-0.7902144
0.4263566
-0.8526718
0.2402442
-0.7604799
0.3117409
-0.9622068
0.1433572
-0.7118429
0.2678183
-0.68467
0.05980696
-0.796948
0.4169258
-0.9724491
0.2001324
-1.023299
0.121409
-0.7023817
0.2421179
-0.6608512
0.03384548
-0.838797
0.01747228
-0.824165
0.2931643
-0.7702368
0.1946384
-0.86558
-0.03830491
-0.8194875
0.3709847
-0.6064433
0.02405038
-0.9229852
0.1866327
-0.6132397
0.07617503
-0.5613737
0.3010257
-0.6151032
0.07503585
-0.7138417
0.05685834
-0.8431277
0.1920843
-1.008453
0.162941
-0.6450827
0.1332997
-0.8646358
0.1984272
-0.8476025
0.2674726
-0.8345829
0.07777982
-0.7236419
-0.07449424
-0.7366514
0.118249
-0.7305927
-0.02567412
-0.8032711
0.01552884
-0.8990387
0.1283642
-0.742604
0.2796162
-0.8849085
0.2333626
-0.6862806
0.1957109
-0.770674
-0.03995203
-0.6728173
-0.10524
-0.67179
0.01439328
-0.7847662
0.124424
-0.768272
0.2046909
-0.7578752
0.2052316
-0.893801
0.05873631
-0.5459855
0.0907685
-0.5634165
-0.06740247
-0.739598
0.3135669
-0.7620993
0.2307264
-0.6270954
0.1548389
-0.693121
-0.07983997
-0.6456469
0.09002312
-0.8585182
0.2464164
-0.7068173
0.1561053
-0.8626065
0.01798931
-0.5493384
0.04096309
-0.7602478
0.2502764
-0.6268042
0.009864198
-0.6315625
0.1162165
-0.7766327
0.1072053
-0.6063222
-0.006650127
-0.7651142
0.2475943
-0.814702
-0.2114512
-0.6861114
0.1673534
-0.5991787
0.1760309
-0.6177898
0.07881851
-0.508746
-0.116386
-0.7938667
0.1837876
-0.4563206
0.2317695
-1.173655
-0.04264793
-0.8273906
0.05424107
-0.8150764
0.09471602
-0.7024093
0.09888553
-0.9376996
0.07698036
-0.5197182
0.3095216
-0.5445465
-0.1816903
-0.6182712
0.03188078
-0.5125809
0.06337325
-0.6442226
0.02422327
-0.7534904
0.0545244
-0.5749628
0.1274082
-0.7857538
-0.07834258
-0.7314638
0.08929583
-0.7349463
0.2598667
-0.5687817
0.07071996
-0.3915512
-0.0473609
-0.6248114
0.0594379
-0.6532331
-0.005393072
-0.7421441
-0.2075709
-0.8458786
0.1585861
-0.6105714
-0.02162166
-0.5723292
-0.081742
-0.6994612
0.09100624
-0.7082641
0.09948429
-0.4769911
-0.1491149
-0.4619653
0.08391766
-0.8543831
-0.3628859
-0.5690323
0.05844999
-0.5504684
-0.04966439
-0.7046228
-0.1044448
-0.6558205
0.06627307
-0.8313981
-0.03092369
-0.6054252
0.05881025
-0.6054898
-0.146994
-0.6696211
0.0001176295
-0.6880831
0.1590558
-0.7903209
0.09223881
-0.2825665
-0.2583956
-0.6681706
-0.1081023
-0.7636344
-0.06779922
-0.6526377
0.1079796
-0.4890347
-0.003253764
-0.6502545
-0.07170383
-0.6354454
0.2403934
-0.791689
0.01409694
-0.8045389
0.1843372
-0.691519
-0.2289887
-0.7652324
-0.1309688
-0.6952235
0.1402632
-0.6172725
-0.0066542
-0.525781
0.08071575
-0.5137262
0.07665367
-0.8558862
0.1064485
-0.694474
0.08299965
-0.6898302
0.04990598
-0.4832785
0.1056675
-0.6737227
0.003732038
-0.6539381
0.02447805
-0.5151339
-0.282575
-0.8578936
0.04776456
-0.55549
-0.262123
-0.7196104
-0.2393233
-0.7995612
0.2458245
-0.6069586
-0.01758026
-0.4309882
-0.04774525
-0.6473157
0.2022473
-0.7426943
-0.3434515
-0.3421244
-0.06079002
-0.6365929
-0.07431615
-0.3748824
0.2014369
-0.5673341
-0.09433223
-0.6107152
-0.06793517
-0.2318217
-0.2273406
-0.5433381
0.03769291
-0.6246064
-0.1366062
-0.7954389
0.1358845
-0.4251989
0.01129243
-0.394171
0.08491866
-0.2548847
0.08894803
-0.6557485
0.1237072
-0.3074487
0.02015272
-0.5324095
-0.05325671
-0.6092672
0.05275272
-0.5950765
0.2377466
-0.4826945
-0.1956261
-0.6050856
-0.13093
-0.550544
0.03918694
-0.7362052
0.04438349
-0.4765696
-0.08874784
-0.3183642
0.06992106
-0.4151471
-0.1936356
-0.5663212
-0.1766441
-0.3477333
-0.1491035
-0.2043819
0.1037996
-0.625459
-0.3194658
-0.563104
-0.03795176
-0.3455825
-0.009440406
-0.5799881
0.06153312
-0.6002996
-0.07740249
-0.6250662
0.02382511
-0.2932033
-0.08765673
-0.461567
0.1697492
-0.4606245
-0.1364239
-0.4607224
-0.1654128
-0.6570266
-0.1272979
-0.389568
0.1258216
-0.321411
-0.2617192
-0.7524311
-0.1566825
-0.5237504
-0.1890657
-0.5275478
0.1011405
-0.524041
-0.2915173
-0.5553496
-0.09841923
-0.6915171
0.2286321
-0.4425142
-0.1802152
-0.3615048
0.005056895
-0.4996545
-0.1087014
-0.6695547
-0.2085306
-0.4523154
-0.3753923
-0.7344354
0.10161
-0.4403578
-0.006807088
-0.7376471
0.2017463
-0.4882541
-0.2554881
-0.4992837
-0.01577887
-0.4319548
-0.03622993
-0.5552152
-0.03241882
-0.2679826
-0.2063682
-0.5197546
-0.3832557
-0.4557923
-0.07284117
-0.5372615
-0.02846035
-0.4470407
-0.04129638
-0.3903172
0.09790877
-0.5101039
-0.1932402
-0.4936595
-0.1271356
-0.4870115
-0.156243
-0.6048065
0.07084159
-0.4187602
0.08654761
-0.5754265
-0.07199249
-0.4879397
0.003821091
-0.5877081
-0.1977807
-0.5978743
0.04852132
-0.5112784
-0.2226584
-0.5174335
-0.1716363
-0.5275179
-0.07952601
-0.3131126
-0.2460411
-0.3974042
-0.04844081
-0.2934536
-0.07801396
-0.4358522
0.1696906
-0.4985829
-0.1904851
-0.5062552
-0.2435353
-0.5017901
-0.09041855
-0.6757052
-0.092673
-0.4512241
-0.08228188
-0.4788491
-0.3172152
-0.2715543
-0.08943077
-0.4079067
-0.3415172
-0.2073553
0.02722432
-0.5885521
-0.1278038
-0.5732526
-0.1772865
-0.1307479
0.07242805
-0.6394252
-0.008872108
-0.2668526
-0.1474284
-0.3228687
-0.1822933
-0.5551966
-0.02347922
-0.5330374
0.05809844
-0.278939
-0.07443952
-0.1828987
-0.1487329
-0.219157
-0.05556586
-0.4917389
0.2637982
-0.4236375
-0.04586661
-0.4642122
-0.1072597
-0.2582394
-0.1928547
-0.2560605
-0.07087282
-0.1277182
-0.1268552
-0.5449439
-0.2484539
-0.5032681
-0.04883507
-0.3761432
0.3040799
-0.5463054
0.07687753
-0.4864906
-0.2832182
-0.700379
0.0674015
-0.2791314
0.1080144
-0.2588007
-0.009734431
-0.3420717
-0.2382879
-0.4879041
-0.2362755
-0.4456696
0.06527663
-0.4217579
-0.3836276
-0.6724877
0.0372083
-0.3014201
-0.1794021
-0.3787643
-0.1719091
-0.5520103
0.02238466
-0.2837708
0.09431347
-0.346245
-0.3569743
-0.6302675
0.0259165
-0.4588788
-0.2419217
-0.3370108
-0.2329666
-0.06968586
-0.2920092
-0.336694
0.1068863
-0.5632238
0.05381408
-0.5381771
-0.05298755
-0.4576003
0.06964108
0.09287079
-0.1496889
-0.2893005
-0.3261542
-0.4829522
-0.2689281
-0.3604109
-0.06844073
-0.4912153
-0.0818833
-0.4928094
0.1182529
-0.4008226
-0.03131627
-0.5497579
-0.05171892
-0.4842713
-0.09137176
-0.3113202
-0.1447738
-0.6426379
-0.02607292
-0.3639471
-0.2255245
-0.6610335
-0.0572092
-0.2327419
-0.2743616
-0.2284295
0.03951898
-0.3429413
-0.2025253
-0.2883944
-0.08349298
-0.5714325
-0.1088993
-0.5206866
-0.2605038
-0.2788747
0.2026979
-0.5363571
0.1051061
-0.133895
-0.1118035
-0.2107185
-0.068284
-0.4482075
0.02168002
-0.4685749
-0.290633
-0.3029843
0.06237191
-0.254748
-0.1575557
-0.312452
0.1402818
-0.4303319
-0.2171855
-0.2420032
-0.2341174
-0.5234987
0.06463142
-0.6170908
-0.4575132
-0.4253587
-0.3770033
-0.5157349
-0.2343103
-0.2619824
-0.1750802
-0.3927614
0.1334142
-0.4305703
-0.03012109
-0.5015273
0.1314989
-0.7960472
0.06893393
-0.3416506
-0.1972689
-0.2865727
-0.06738172
-0.1595683
-0.009256669
-0.4720242
-0.03935065
-0.5029728
-0.234516
-0.2709068
-0.06621164
-0.3687491
-0.143324
-0.3489079
-0.3224246
-0.1737249
-0.1737451
-0.3088154
0.05666352
-0.4990883
-0.2006739
-0.3733553
-0.1748964
-0.2861783
-0.2037143
-0.1472103
0.01055485
-0.3342111
-0.160258
-0.3085117
-0.04551807
-0.2738451
0.1695291
-0.225079
-0.114407
-0.4028527
-0.2791322
-0.3954863
-0.178738
-0.2462683
-0.2082444
-0.3010403
-0.04528404
-0.1367286
-0.3451752
-0.005603105
0.2138292
-0.1166049
-0.0594566
-0.1933345
-0.1919862
-0.2163736
0.1449905
-0.4173858
-0.004807054
-0.1885352
-0.0005654619
-0.1131896
0.03825997
-0.2326736
-0.1799888
-0.3672127
-0.07034013
-0.4414264
-0.03970464
-0.535628
-0.319917
-0.5104607
-0.1743777
-0.3751308
0.04865631
-0.2389149
-0.05190259
-0.1991291
0.1362843
-0.01017546
-0.2263001
-0.3522416
-0.05959182
-0.2147732
-0.09725188
-0.3721914
-0.0457325
-0.3473958
0.001378652
0.03046878
-0.2347367
-0.06147006
-0.07000501
-0.08631079
-0.0008942906
0.06788957
-0.3753943
-0.771874
0.05516005
-0.2469928
0.1120741
-0.2271463
-0.0739752
-0.2297917
-0.1794682
-0.382395
0.08150434
-0.4366328
-0.07819965
-0.3664714
-0.4955684
-0.04577821
-0.06481091
-0.4707976
-0.1153057
-0.2815278
-0.2567169
-0.1021767
-0.1786974
-0.1182119
0.06989713
-0.03288174
-0.09394985
-0.1329664
-0.3594369
-0.5986041
-0.2159668
-0.186413
-0.1009077
-0.505319
-0.2091836
-0.01504393
-0.2131132
-0.5198327
0.03434221
-0.3940204
0.1696415
-0.2373743
-0.09970383
-0.2333063
-0.1594877
-0.2786489
-0.2782889
-0.07822303
-0.2409422
-0.1487055
-0.4336115
-0.2722672
-0.3562674
-0.3486466
0.05158124
-0.2394934
-0.03726263
-0.2723316
0.0142832
-0.06386831
-0.1931478
-0.09862492
-0.02926581
-0.3345882
-0.5074589
-0.04378816
-0.2801709
-0.07002258
-0.221449
-0.3130182
0.03483157
-0.3088204
-0.01380322
-0.1541771
-0.104799
-0.2790818
0.06749621
-0.05260051
-0.1685357
-0.3729214
-0.05591803
-0.315294
-0.1856561
-0.2560247
-0.2492091
-0.007327027
0.1316189
-0.05887548
-0.1964549
0.1283335
0.002728906
0.007282871
0.01349108
-0.07977597
-0.2265314
-0.1342536
-0.1416258
-0.004264362
-0.1253842
-0.1182835
0.1002112
-0.551511
0.2794025
-0.3918948
-0.2686607
-0.07779337
-0.05549915
0.02211867
-0.2974711
-0.420452
-0.06782822
-0.02932684
-0.1846583
-0.2972363
0.1703971
-0.2119442
0.130788
-0.3569928
-0.1367326
-0.3119839
-0.4023113
-0.2098652
0.05875038
-0.1479551
-0.2556711
-0.2490071
-0.2548764
-0.4814609
0.2431187
-0.0259205
0.08400881
-0.08510248
0.05991558
0.04159294
-0.2927667
-0.05388726
-0.0956526
-0.03402639
-0.1453025
-0.2598221
-0.1113851
-0.3986445
-0.2311545
-0.1317602
0.001398997
0.04242546
-0.05396644
-0.1553108
0.05473051
-0.1940789
-0.3342249
-0.2205819
0.03292696
-0.2985106
-0.1124232
-0.3425726
0.005474132
-0.1691155
-0.1048837
-0.2129122
-0.2019429
-0.2509105
0.03373684
-0.2773558
0.07745723
-0.2742006
0.1338033
-0.08488914
-0.3057629
0.1096061
-0.08289982
-0.3173428
-0.08789667
-0.1463993
-0.2044378
-0.5068907
0.04716258
0.1403477
-0.1698131
-0.3034427
0.03307883
-0.3197203
0.07791524
-0.1102449
0.08941816
-0.1269467
-0.2347135
-0.09133823
-0.2707594
-0.1009203
-0.09247325
-0.220645
0.05944733
-0.07565858
-0.1634995
-0.1249547
-0.1397042
-0.04235242
-0.1186408
0.0821958
-0.02965529
-0.1796108
-0.1038474
0.04722307
-0.3414579
-0.2370923
0.003127048
-0.2550932
0.04506847
-0.2581175
-0.3005558
-0.2277963
0.1225472
-0.2665296
-0.09781688
-0.4270104
-0.1143482
0.1415879
-0.1547921
-0.05004669
-0.08041641
-0.4551369
-0.04191289
-0.3418863
-0.1732197
-0.2462524
-0.1398159
-0.1982748
0.07731187
0.2138646
-0.1471743
-0.2150008
-0.144941
-0.1611629
-0.1353402
-0.2646765
0.1359736
-0.2939489
-0.4759263
-0.2532326
0.07445756
-0.408323
-0.02058986
-0.3748687
-0.09942336
-0.1347007
0.1126632
0.0323327
-0.2201842
-0.2338263
-0.06099226
-0.2887813
-0.07288751
-0.05550713
-0.1811659
-0.2800007
0.01530267
-0.3455747
-0.1314259
-0.06578252
0.04369913
-0.2100812
-0.2862964
0.03446135
0.2418915
0.08008274
0.0804853
0.0310694
-0.2727582
-0.2059017
-0.02830963
-0.2124413
-0.005636046
-0.07367335
-0.1165299
-0.07794278
-0.008270649
0.03674083
-0.07091338
-0.184374
-0.0204524
-0.1748655
-0.2126677
-0.008374202
-0.06717382
-0.09462048
-0.1173767
-0.2159527
-0.1896172
0.01613926
-0.03645702
-0.2306906
0.19571
-0.08638985
-0.0488723
-0.4033029
-0.174128
-0.42808
0.05883373
-0.1479695
0.1122222
-0.1934065
0.02430112
-0.1469211
-0.3285769
0.005057582
0.1237354
-0.09771555
0.2952301
-0.04903164
-0.1545734
-0.1755658
0.08765321
-0.007207662
0.07071898
-0.004527353
-0.3332289
-0.1006934
-0.1235359
-0.2499108
-0.01358282
-0.04709953
0.3233585
-0.3071698
-0.04514708
-0.05613535
0.359146
0.02411979
-0.03973486
-0.1779498
-0.03930347
0.01272031
0.2144836
-0.1126502
-0.004798094
-0.3245145
-0.3028876
-0.1304724
-0.1322311
-0.2918567
0.1127935
-0.191429
-0.03529597
-0.1799037
-0.03469937
-0.3171303
0.2503882
0.06516765
-0.09514839
0.08756187
-0.4143783
-0.3679159
-0.4813044
-0.2831804
0.01822107
-0.4509324
-0.1230091
-0.2852776
-0.03790182
0.0198516
-0.09281657
-0.1343336
-0.1787531
0.07425492
-0.02125375
-0.08116145
0.01168709
-0.2921734
-0.1521226
0.01605093
-0.05977826
-0.1086877
0.09977441
-0.07056303
0.1917507
-0.04854009
0.03857983
-0.3631133
-0.03201822
-0.1112025
0.0770454
-0.1374485
-0.3182838
-0.2234739
-0.2301306
-0.390043
-0.07034402
-0.1768488
0.1227094
-0.3563796
-0.18018
0.04474889
-0.001641487
-0.1257983
0.07677608
-0.1461352
0.07306729
-0.1524164
-0.05630081
-0.1464129
0.01861455
-0.05218275
-0.2453738
-0.1337624
0.02170781
-0.1067116
0.01350432
0.002494928
-0.207979
-0.3356287
0.09887813
-0.1007314
0.1208709
-0.1009655
-0.03590313
0.1358513
0.1687198
0.06592292
-0.08857929
-0.5531095
0.2338784
-0.04666549
0.0605019
-0.1135216
0.1570435
0.2468341
-0.4588775
-0.012287
-0.3185848
-0.1390281
-0.1848852
-0.08903631
-0.2035225
-0.02163866
-0.07830536
-0.09522211
-0.1025461
-0.07365897
-0.08401772
-0.2341567
-0.1209998
0.07487293
-0.02945976
-0.3251876
-0.1919386
-0.140764
0.1021001
-0.2955084
-0.2349303
-0.1139113
-0.2997203
-0.1589318
0.04086052
-0.007668888
0.04807505
-0.2870192
-0.2024736
0.008783123
-0.0670066
-0.2529354
0.01382658
0.3250367
-0.129677
-0.05693652
-0.2949414
-0.516699
-0.402662
-0.02380911
0.02323258
-0.02335973
-0.006051539
-0.2405917
-0.03339824
-0.1104301
-0.09378955
-0.2120598
-0.1652323
-0.1813432
0.01848061
-0.1600528
-0.05030211
0.02302281
0.06426982
0.0298289
-0.1995675
-0.09788873
-0.106204
-0.05361769
0.0446127
-0.05407338
0.3628777
-0.3100127
-0.2223425
-0.3898939
0.1759366
-0.00532254
-0.1950821
-0.02015471
0.09623909
0.2583542
-0.3126319
0.07384118
-0.1624015
-0.106506
-0.06942394
-0.2048251
0.1673961
-0.01095076
-0.1841829
-0.1180143
-0.07737727
-0.127391
0.07021719
-0.2568508
-0.05907901
0.2095965
-0.01088099
-0.2486141
0.09653077
-0.2759738
0.002215289
-0.1466473
0.07064947
0.02477857
0.06371196
-0.2489308
-0.032759
-0.2497328
-0.002673704
-0.2848464
0.1186902
-0.0424707
-0.03438322
-0.22192
0.06673787
-0.1614849
-0.1099808
-0.1367723
-0.2472138
-0.02860952
-0.1136249
-0.0891066
0.1206039
-0.1106132
-0.1488559
0.06887658
-0.06049267
-0.07723963
-0.06235772
-0.1899145
0.2124825
-0.2851494
-0.1840149
0.2716596
-0.09186143
-0.05798699
-0.1852184
-0.1264098
0.1765365
0.09281217
-0.04463812
0.05719174
0.04446312
-0.01556096
-0.180767
-0.09915945
-0.06653676
-0.1109358
-0.05736399
-0.06022407
0.0254597
0.1722224
-0.2148356
0.1290735
0.2957627
-0.3449046
-0.2371387
0.1181189
0.3360449
-0.07698798
-0.186839
-0.2902464
-0.06153047
-0.3679227
0.1057067
-0.0002728051
-0.4406522
0.02476855
0.104716
-0.206808
0.01795487
0.3573973
0.1398618
-0.2884526
-0.3511341
-0.3266859
-0.05125856
-0.2123166
-0.2523994
-0.1643738
-0.2862995
-0.1929349
-0.2095857
-0.02248482
-0.03962108
-0.1916394
0.1168915
-0.2969662
-0.2178157
0.01746309
-0.1180627
-0.2920719
-0.06948012
0.09843555
-0.2421533
-0.0321426
0.006172357
-0.2117708
-0.1507996
0.2511989
0.1568573
-0.4766498
-0.3257007
-0.07804985
-0.1937036
-0.3838215
-0.05367089
0.1663857
0.1523207
-0.1271624
0.1212109
-0.374889
-0.6283689
0.1376641
-0.4237767
0.01630251
-0.1872008
-0.06241249
-0.03542723
-0.209192
0.06175788
-0.4264688
0.5882274
-0.3236521
0.08138614
-0.2413113
-0.5677943
-0.5499843
-0.2694398
0.1382481
-0.2427302
-0.18211
-0.4062614
-0.367512
0.05071646
-0.2782528
0.2568686
-0.314298
0.1221763
0.1927073
-0.2007398
0.1778962
0.3281737
-0.09375647
-0.2736804
-0.3913726
-0.3461077
0.3426304
-0.2474843
-0.02103958
-0.3669009
-0.1354665
0.008032079
-0.02761979
-0.3746985
-0.56754
0.06513949
-0.3861969
0.1461641
-0.1123271
0.1220413
-0.3276421
0.2844687
0.1038755
-0.05823115
-0.261509
-0.2401162
0.05636223
0.2137787
0.07491871
0.08277134
-0.2902379
-0.1804738
-0.06880976
-0.01908253
-0.2427045
0.09357931
0.2240212
-0.06558279
-0.07526153
-0.03137181
-0.05341936
0.03627235
-0.02431424
-0.02499823
-0.08100809
0.02341188
0.01915076
