0
0
0
0
1.03014e-05
1.629203e-06
-0.01448258
0.02066684
0.01728235
0.0026013
-0.03002708
-0.01476933
-0.04931756
-0.02048296
0.04925133
0.04792588
-0.08648606
-0.1604823
-0.05511687
-0.01078255
-0.1327362
0.1511727
-0.1210989
0.06494157
0.04335275
-0.2423071
0.02301996
0.523634
-0.04188406
0.1725281
0.1341268
0.01070782
-0.1549324
0.03316522
-0.1055131
-0.1694074
0.2859554
-0.05782489
-0.2509338
0.06945719
0.03581322
-0.008645826
-0.06733286
-0.070515
0.1972698
0.1352964
-0.3514442
0.0447678
0.3608581
0.1661361
0.1416782
-0.02863481
0.09289211
-0.006901461
0.04074302
0.3007085
-0.1420058
0.03792335
-0.3603218
0.09070668
0.07871722
0.2879938
0.05778993
0.004694177
-0.2461443
-0.438132
0.579785
0.07673223
-0.3964488
0.2448151
-0.4119144
-0.2615193
-0.08744817
-0.2448412
0.02512785
0.1240201
-0.08534946
-0.07264093
-0.1857532
-0.1499858
0.09837043
0.1088197
-0.1969374
-0.0795586
0.06356281
0.1534285
-0.1000945
0.04595502
0.2893676
0.2508908
-0.4596393
0.09635991
0.0008387986
0.2985778
-0.1904351
-0.05492032
-0.2534342
0.3418171
-0.1836674
0.1319213
-0.2893242
0.1100584
-0.05486453
0.2265955
-0.4047333
0.1310421
-0.004397851
0.5096766
-0.2644534
0.3897047
-0.1688886
-0.0907336
-0.1773039
0.03247745
-0.01134124
-0.1145685
0.2379733
0.1819946
-0.0005889719
0.02077207
-0.1292224
0.1740043
-0.1763941
0.1778324
-0.2811255
0.3239916
-0.183262
0.108357
-0.4547144
0.195329
-0.2286808
0.04459103
0.1199318
0.2881883
-0.01091086
0.3532395
-0.03368549
-0.008087217
-0.09611899
0.1331707
-0.05953369
-0.04768645
-0.1702004
0.008343673
-0.02719032
0.3612815
-0.4295376
0.02191561
-0.06459531
-0.04405771
0.3823345
0.03154118
-0.3109823
-0.2212905
-0.0280449
0.3721699
0.02946429
0.05931774
-0.1497418
-0.1703321
-0.1613206
0.02127122
-0.09635557
-0.1290784
0.03264205
0.03935299
-0.2086697
0.2806124
-0.1085828
0.1049291
-0.06732161
0.09879051
0.2105057
0.03618972
-0.1372503
0.1740285
-0.255982
-0.03101883
0.1170714
0.09921516
-0.191065
0.3545924
0.1356088
-0.254672
-0.2453193
-0.06073639
-0.01832748
0.2008078
-0.04369091
-0.09540202
0.03539915
0.06629962
0.1225497
0.2447164
-0.3928227
0.0003150454
-0.09199198
0.06751161
0.0218197
-0.006082222
-0.190391
0.1294556
-0.09440885
0.1988396
-0.1105084
0.2533827
-0.2476156
-0.03504069
-0.0321355
0.4174658
-0.1974361
0.1341581
0.08788241
0.3552331
-0.04162313
0.1982898
-0.008752332
0.07360618
-0.2554118
0.1415133
0.1708884
-0.1274939
-0.1237477
0.1668258
0.1186933
0.0006500225
0.265759
-0.0836129
-0.04027818
0.05422385
-0.2775247
0.110189
-0.109748
0.2928579
-0.2638719
0.07805885
-0.004682071
0.2123061
0.08639989
0.009622899
-0.4969779
0.4082651
-0.136416
-0.2236461
-0.178881
0.0660252
-0.1933841
0.2865409
-0.228847
-0.256007
-0.4084591
0.0183123
-0.3081009
-0.05220332
-0.2231755
0.2195601
-0.04939695
0.04312463
-0.04785211
-0.1820319
-0.1843816
0.1725886
-0.001450405
-0.1034459
-0.2588314
-0.03221495
0.02223569
-0.05153398
-0.1239708
-0.3402677
-0.1709206
-0.05265579
0.1319679
0.2929135
-0.1909144
0.1176156
-0.1159143
0.3837188
-0.09138072
0.02953622
-0.09433651
0.2015077
-0.1798291
0.00457485
0.03676903
-0.09081607
-0.2077062
0.0545114
-0.01253917
0.2477379
-0.2080958
0.274474
-0.01833227
0.4651299
-0.1270531
0.09754515
0.1212731
-0.06462952
-0.2880701
0.04208895
0.06897362
0.1416118
0.03782529
0.1149703
-0.1744068
0.01541396
-0.1434876
0.2075292
-0.07640802
0.002215909
-0.4381808
0.1181705
0.04319257
-0.08255553
-0.3328751
0.07023773
0.02594235
-0.2113258
-0.08239134
0.3457465
-0.1128935
0.2279146
-0.1089586
-0.006601015
0.1554547
0.1871884
0.02311062
0.03998709
0.0001693225
0.08878325
-0.1390449
-0.06322856
-0.1065004
-0.04757273
-0.1247827
-0.1571878
-0.002072655
0.2100835
-0.1139479
-0.07453148
-0.1671659
-0.05375463
-0.1286515
-0.2771475
-0.01495423
0.2102853
-0.2106318
0.08014582
-0.2260992
-0.2412552
-0.4051583
0.06241194
0.04117812
0.0662947
0.268664
-0.02726504
-0.0714996
0.1078624
0.06176185
0.02816485
0.02565935
0.199911
-0.06395138
0.2505152
-0.212445
0.1851587
-0.4089554
0.1008957
-0.05364386
0.09744275
0.01526467
0.09376311
-0.429276
0.1154713
-0.008983935
0.02277732
-0.3726632
0.5047417
-0.1399745
-0.08208552
-0.2648908
-0.001819103
0.04563925
0.1856205
0.06261595
0.1632725
-0.2899463
0.1462068
-0.3052373
0.1759117
-0.2481562
-0.1779156
-0.2225497
0.2537847
0.05014536
0.1330718
-0.1295681
0.358364
-0.1826649
0.291384
-0.1703545
0.09904334
-0.07517773
0.1945222
0.02430841
0.01421199
-0.1493566
0.2632705
-0.3092058
0.1779034
-0.05283497
-0.04393394
-0.04778767
0.2138987
-0.2602201
-0.04831957
-0.2865205
0.08834749
-0.02281735
0.1494062
-0.072805
-0.1186652
-0.3421745
0.1556835
-0.1935869
0.202394
-0.1395159
0.05006067
-0.07490775
0.05747695
-0.3847272
-0.009566491
0.05326192
0.23265
0.02065259
0.2441859
-0.1568927
0.1667679
-0.1903128
0.2008159
-0.2795253
0.1759295
0.03129078
0.1600988
-0.1687253
0.1909325
-0.009429807
0.2160028
-0.2854469
0.1881377
-0.21914
-0.0001518767
-0.1512172
0.1034864
-0.04195599
0.3097806
-0.003903642
0.2899351
0.02010087
0.02870446
-0.2869734
-0.1018605
-0.07582695
0.1200194
-0.1021462
0.188003
-0.2899893
0.0099549
-0.02901005
-0.04768453
-0.06315636
0.01429842
-0.1499733
0.2134367
0.1147601
-0.02641009
0.1061294
0.2297995
-0.3531316
-0.0703012
-0.01744652
0.06585013
-0.1470393
0.0646712
-0.1503371
0.08913565
-0.1402925
0.03463094
-0.2367456
0.3414285
-0.05107473
0.00663423
-0.2194753
0.2211012
-0.02786229
-0.01086892
-0.1349055
0.1583534
-0.3499059
0.02913449
0.07109478
0.03965403
-0.1869896
0.06374843
-0.09142131
0.1494462
-0.4070326
0.1398444
-0.04052237
0.4082274
-0.315451
0.05099799
-0.4141077
-0.01301263
-0.3167273
0.1153245
-0.01390571
0.07043383
-0.1478626
-0.04560004
-0.3323913
-0.03758344
-0.1249192
0.1251084
-0.2040921
0.1002814
-0.04544011
0.05203035
-0.2672451
0.04979125
-0.1526415
0.2638938
-0.343936
0.2681751
-0.2713697
0.1280557
-0.08700828
0.2652834
0.07224839
-0.07048743
0.006348422
0.1705881
-0.1396568
0.1398692
-0.2943892
0.23411
-0.1349669
0.3183928
0.1019742
0.2727228
-0.1642537
0.1457343
-0.01763587
0.1481451
-0.3255021
0.2394249
-0.07245111
0.2594827
-0.4068785
0.07578327
-0.1449253
0.03075337
-0.1878014
0.2759561
-0.07975323
0.2891203
-0.07183725
0.3053202
0.1149386
0.1432387
-0.2317695
0.270233
-0.2789602
0.2541271
0.03514571
0.08686033
-0.004706328
0.1331882
-0.2403453
0.1636936
-0.1785742
-0.0519543
-0.2173048
0.3285633
-0.2813547
0.1400489
-0.1086751
0.2073953
-0.122119
0.2174404
-0.3340322
0.2435811
-0.2327167
0.5079743
0.01638712
0.1029833
0.02346515
0.02142588
-0.212332
0.3167729
-0.4205998
0.1019677
0.1740899
-0.1252804
0.1061312
0.269937
-0.2257781
0.06319951
-0.1625923
0.2579498
-0.1311796
0.01317013
0.2017475
0.2744011
-0.1952085
0.2684453
-0.1715529
0.3116719
-0.3418214
0.03255637
-0.1923921
0.107562
0.03697358
0.145406
-0.1759563
0.2177032
-0.2346966
0.2541765
-0.1526329
0.2488338
-0.1128859
-0.1108135
-0.09668288
0.2429168
-0.04472979
0.06297513
-0.04636436
0.4367005
-0.1693657
0.2596498
-0.02565093
0.3151976
-0.007973872
0.3701346
-0.09404871
-0.04103286
0.01367295
0.2872592
-0.2505703
0.1495496
-0.09912862
0.05606088
-0.1983172
0.5555066
-0.388156
0.1374312
0.3320988
0.08486676
-0.06361068
0.1836399
-0.02004441
0.0003761716
-0.4118746
0.08391743
-0.3510943
0.2496419
0.2206662
-0.03428686
-0.39807
0.2665262
-0.162149
0.3051521
-0.28903
0.1486642
-0.3786115
0.2375296
-0.1197125
0.1059454
-0.09013404
0.4489843
-0.2668006
0.3790894
-0.09238674
-0.03051411
-0.04782984
0.3828471
-0.2808918
0.2082234
-0.4469754
0.1692008
-0.1569101
0.03526351
-0.03220326
0.1682982
-0.143825
0.1018993
-0.1984548
0.1754621
-0.02634406
0.2835003
-0.05423046
0.281037
-0.2982652
0.1696198
-0.193504
0.100563
-0.09807755
0.4555468
-0.2173726
0.4496911
-0.1252382
0.1961717
-0.06000497
0.3143617
-0.1612677
0.3369401
-0.162805
0.4033177
-0.2582821
0.08296901
-0.1922557
0.2449836
-0.1134539
0.568504
-0.1815063
0.5187382
-0.0936399
0.2909381
-0.05060838
0.4508464
-0.2110364
0.230981
-0.2257282
0.1820164
-0.1526503
0.1410944
-0.1146757
0.126162
0.04799537
0.09755795
-0.2727452
0.1903689
-0.06270138
0.3494781
-0.3933159
0.3172536
-0.1387436
0.2474051
-0.2176979
0.3164883
-0.2318487
0.2055863
-0.02788263
0.1181659
0.06148766
0.06964658
-0.1968509
0.1844808
-0.1416546
0.2548577
-0.1493879
0.5634494
-0.4144184
0.2693737
0.1341601
0.2055763
-0.09718019
0.3626749
-0.2912804
0.3218397
0.1169314
0.1232303
-0.2948701
0.3059302
-0.07459887
0.2529304
-0.1255549
0.4345207
-0.367928
0.1334948
-0.5447866
0.336354
-0.08738177
0.2100291
-0.0671366
0.2893271
-0.3248804
0.2756476
-0.03753344
0.3011873
-0.2572371
0.385043
-0.1776898
0.3999231
0.008929074
0.2721046
-0.08966715
-0.06724965
-0.1358619
0.563172
-0.2918051
0.4422595
-0.1986205
0.3127012
-0.2351649
0.09875462
-0.2230795
0.08708891
-0.1571062
0.3110363
-0.3635365
0.2496161
-0.2234524
0.3952014
-0.07142077
0.3366307
-0.329275
0.6177015
0.07747766
-0.01267131
-0.2487378
0.2495235
-0.09225848
0.2216942
-0.1053414
0.3185166
-0.1250678
0.2018845
-0.3261344
0.42254
-0.5270951
0.3894487
-0.3202225
0.1759781
-0.2659315
0.3949871
-0.2037218
0.2003081
-0.1650528
0.6009328
-0.1493274
0.3085522
-0.2820698
0.388228
0.03489836
0.267805
-0.4283779
0.5332683
-0.09377421
0.1656687
-0.1326025
0.325337
-0.2355055
0.06616899
0.04082977
0.4153109
-0.00187442
0.597532
-0.2920395
0.4118553
-0.2156957
0.295372
-0.3162814
0.1347938
-0.1336374
0.02602236
-0.1724993
0.3191526
-0.1390204
0.3853205
-0.08556665
0.65813
-0.3396452
0.4776433
0.1564516
0.2919871
-0.3315865
0.1798381
-0.1805872
0.5783011
-0.1931921
0.3801563
-0.2071577
0.2921678
-0.1672243
0.2369236
-0.02414089
0.471964
-0.2273798
0.4980565
-0.1636963
0.1438721
-0.01354278
0.3189121
-0.2142429
0.3477947
-0.105763
0.3520277
-0.07225836
0.4749497
-0.336618
0.1173248
-0.2131747
0.1076232
-0.2295263
0.4151698
-0.09659261
0.4323588
-0.2172995
0.5926893
-0.08563563
0.6517012
-0.06653294
0.3477081
-0.1620958
0.5713726
-0.1271835
0.3341272
-0.2811845
0.3877049
-0.07943727
0.2136816
-0.3313331
0.475765
-0.214288
0.2731938
-0.2000997
0.1378858
-0.161823
0.5220292
-0.123922
0.3238826
-0.1506791
0.4769109
-0.2743192
0.325587
-0.2702584
0.341756
-0.2961779
0.4113685
-0.1085675
0.5932398
-0.4277136
0.7359043
-0.10354
0.3090608
-0.06891049
0.3665636
-0.1842597
0.165514
-0.3834396
0.6042672
-0.1299304
0.3808106
0.05154836
0.6599064
-0.08314685
0.2872146
-0.0540211
0.5170011
-0.1423926
0.4164847
-0.2530448
0.2909026
-0.004050788
0.4366625
-0.009370362
0.5213964
-0.2419437
0.6350836
-0.1423588
0.6180282
-0.6237645
0.3205804
-0.1273657
0.5089735
-0.3237732
0.5032903
-0.2304948
0.0276596
-0.1486826
0.5031503
-0.2244317
0.4825702
-0.0651264
0.316541
-0.06891643
0.09101696
-0.121005
0.4348469
-0.1908947
0.3720085
-0.3987123
0.7636337
-0.2639372
0.4659347
-0.1965229
0.6215509
-0.4823042
0.4491294
-0.2348681
0.281039
-0.1465936
0.4611703
-0.1271577
0.4255993
-0.1938605
0.7419283
-0.1740112
0.4951762
-0.2715101
0.4607702
-0.1934117
0.4517604
-0.4059767
0.4977152
-0.23523
0.5929775
-0.2975387
0.6870196
-0.3415115
0.4187376
-0.2607537
0.5098975
-0.1889198
0.1742871
-0.2297281
0.4606942
-0.04302431
0.5498989
-0.07488278
0.4704551
-0.1305531
0.573855
-0.3551722
0.5794083
-0.1498268
0.2591684
0.1046725
0.2630355
-0.4634755
0.4419815
-0.2605982
0.5438552
-0.3555759
0.4776664
-0.1468286
0.4597282
-0.3250357
0.3661413
-0.1640511
0.6988119
-0.1524517
0.4825647
-0.1528821
0.4926068
-0.11665
0.5592695
-0.2929014
0.2807983
-0.002239603
0.437772
-0.02771731
0.5916224
-0.1388229
0.7447773
-0.1943956
0.559963
-0.1226771
0.3886072
-0.1369289
0.5097595
-0.1826727
0.3177842
-0.09721798
0.524865
-0.2271153
0.4778055
-0.2237322
0.4856054
-0.1907577
0.841616
-0.2689277
0.4925344
-0.2917469
0.6540356
-0.1383332
0.4682373
-0.02727965
0.1999726
-0.09470968
0.3911153
-0.1430779
0.5379009
-0.179626
0.7026151
-0.09478399
0.4011834
-0.2051428
0.5895593
-0.2417678
0.3802888
-0.2816433
0.663897
-0.03029368
0.4795687
-0.2885551
0.5887592
-0.1308704
0.4197725
-0.2749529
0.5991116
0.01984283
0.6135871
-0.347442
0.7268736
-0.1175884
0.400966
-0.5120698
0.4666142
-0.1115939
0.3883239
-0.07206586
0.4508429
-0.1470993
0.6426384
-0.2736889
0.5056117
-0.2197783
0.7719127
0.06196623
0.5331523
-0.3128055
0.5116506
-0.2917608
0.6645792
-0.1582701
0.3223648
-0.06293059
0.6301594
-0.187194
0.5375699
-0.1424661
0.6473418
-0.1864061
0.6975135
-0.3144507
0.6045029
0.007630328
0.5912376
-0.09339895
0.7537029
0.02835204
0.5032464
-0.04551402
0.5050392
0.124489
0.6468241
-0.1469365
0.471883
-0.2570485
0.4313784
-0.2664513
0.530443
-0.3930832
0.2240733
-0.09816919
0.4785544
0.04424267
0.5951657
-0.05419603
0.7987143
-0.1226784
0.5194656
-0.1964625
0.4745943
-0.1746907
0.5869502
-0.2822427
0.6700534
-0.3014039
0.3932828
-0.04364531
0.4406532
-0.2393566
0.706046
-0.1880734
0.5826223
-0.2495377
0.7033446
-0.1518531
0.481819
-0.4045702
0.486733
-0.1025832
0.4593573
-0.07339527
0.6796184
-0.06572668
0.4847666
-0.1507245
0.5801722
-0.07987882
0.5611408
-0.1100204
0.502851
-0.07548602
0.478661
-0.01092831
0.7331241
-0.1935832
0.7295051
-0.006066699
0.6297365
-0.2418666
0.7113296
-0.1941835
0.6582099
-0.2426283
0.7951149
-0.1703916
0.6815909
-0.06362563
0.5573312
-0.1333132
0.7723653
-0.4062601
0.7603984
-0.1077848
0.5269688
-0.0695096
0.6744618
-0.1074146
0.587476
-0.07702249
0.5258563
-0.1811182
0.6286977
-0.07062982
0.5798272
-0.006158751
0.949977
-0.00940775
0.8018781
-0.04795864
0.6003533
-0.1807103
0.4885591
-0.01034662
0.7542804
-0.1368285
0.5361352
-0.2884781
0.5978749
-0.1791545
0.7610028
0.09433331
0.699959
-0.1206798
0.7581672
-0.1502551
0.601204
-0.1663217
0.4845446
0.009898665
0.6253024
-0.01580938
0.4674341
-0.3003462
0.5512503
-0.04394757
0.6500241
0.1275498
0.6869853
-0.1581832
0.9173293
-0.1207579
0.7394452
-0.06064618
0.7224098
-0.152132
0.5437839
0.05590819
0.939079
0.1496282
0.6874417
-0.2045678
0.8541742
-0.03550733
0.6996889
-0.166472
0.7110005
-0.1001067
0.7050328
-0.009704213
0.6590053
-0.2922148
0.7607055
-0.0685992
0.753087
-0.1691762
0.8736361
-0.1701389
0.553973
-0.01296362
0.60889
-0.2351921
0.6778816
-0.2498876
0.6657436
0.1609947
0.4818044
0.1709015
0.6888145
-0.115203
0.7891769
0.05648189
0.5884088
0.2513997
0.6676964
0.05048884
0.9979931
0.03020094
0.8026831
-0.09028589
0.6532761
-0.03313177
0.715157
-0.08789936
0.7661848
-0.2849727
0.7036647
-0.04827999
0.5048637
0.1622877
0.7670301
0.03953866
0.7089831
-0.1846902
0.9404748
0.1084323
0.7645079
-0.1267629
0.6691783
-0.2076507
0.8686299
0.09009154
0.6150724
-0.1321808
0.8474116
-0.1964749
0.8806623
0.0008233237
0.8149733
0.1616516
0.9427093
-0.02305583
0.7452586
0.1101979
0.8613132
-0.04807564
0.6880996
-0.04902037
0.7789807
-0.2108682
0.5736068
0.2850444
0.8594564
-0.0894328
0.8604102
-0.1530197
0.6544233
0.03672692
0.8026823
-0.2842453
0.9101342
-0.06293603
0.4503692
0.116184
0.7779768
-0.02311233
0.7266979
0.01604353
0.6813564
-0.1290303
0.54693
-0.07067366
0.808724
0.0136087
0.9185161
-0.2245962
1.06102
0.04067671
0.7310658
0.005419792
0.6418359
-0.1365419
0.6679945
0.08869304
0.7357351
-0.09118111
1.19037
-0.1071872
0.6619037
0.1731088
0.746733
-0.03432222
0.7871534
-0.0291654
0.770656
0.1414832
0.6300336
-0.05902347
0.7790744
-0.02247004
0.6055594
-0.05405416
0.7091283
-0.06858199
0.7961132
0.08680321
0.7598542
-0.1638908
0.9855178
0.05001356
0.8865151
0.02729936
0.807747
-0.07453688
0.7570031
-0.03686303
0.9573848
-0.1403589
0.9064116
0.007316597
0.6661951
0.1265299
0.8801288
0.2670825
0.8871537
0.08033812
0.7676792
0.04710442
0.9619622
-0.01813758
0.7386586
0.05223811
0.9984472
0.1319937
0.6509079
0.1613012
0.8506106
0.154099
0.9093789
-0.07059219
0.8352732
0.05072549
0.8793054
0.09726827
0.820954
0.00903326
0.9117086
-0.03990038
0.8345146
0.08193197
0.7337289
-0.02149214
0.9703593
-0.10965
0.8385673
-0.1086815
0.7782833
0.17856
0.8355674
-0.0224175
0.9157314
-0.1783092
0.9417352
0.03335322
0.7661012
0.1171212
0.8137232
0.1185934
0.9547243
0.1283071
1.017676
0.07403903
0.8413018
0.03074832
0.5978279
0.1217213
0.8550974
0.1910995
0.79605
0.03851099
1.060379
0.2858241
1.097986
0.1803197
0.9838694
-0.08464496
0.9322821
0.1088612
0.8014586
0.2154289
0.7783989
0.2034023
1.049528
0.07258406
0.8340441
0.008336371
0.9011263
0.136575
0.9021379
-0.01941565
0.9528634
0.06671461
0.8517189
0.1226536
0.9299435
0.07493389
1.027024
0.2341363
0.832894
0.2163145
1.180066
0.1323922
0.9315562
0.2248212
0.8106222
0.1710792
0.8579147
0.1600622
0.8964699
0.2807032
0.7599416
0.1473994
0.8855558
0.2279083
0.8705114
0.07963066
0.7151443
0.1756899
1.086806
0.2316072
1.08576
0.3901396
0.9588591
0.09711014
0.9403112
0.1944551
0.9857945
0.1724159
0.7586058
0.1984016
0.8485335
0.1928579
0.9372122
0.06549564
0.8882799
0.2799165
0.8301504
0.3724838
0.7474732
0.1680458
0.9339094
0.08492105
1.076767
0.1098527
1.218565
0.169056
0.8119056
0.06119822
1.011204
0.3074827
0.853002
0.293115
0.8686315
0.1147582
1.030307
0.1172107
0.8491824
0.2358768
0.8304232
0.2092205
0.9524447
0.2243663
0.8846216
0.04980289
0.8035391
0.2085111
0.7376721
0.328683
1.096743
0.1181429
1.027266
0.0984024
0.8633189
0.2852197
0.8226203
0.1879282
0.9795462
0.1801546
0.7928629
0.1141734
0.7961565
0.257408
1.099012
0.2523911
0.9247975
0.2595887
1.121027
0.1462762
1.061422
0.3148223
0.8490875
0.3333192
0.9394288
0.318003
0.9112344
0.3282421
1.043614
0.2001711
1.102378
0.2375905
0.9234791
0.3767101
0.944634
0.4195389
1.129694
0.3897128
1.00309
0.4192583
1.057613
0.3775059
1.062972
0.1235392
0.892619
0.210363
0.964416
0.3941344
0.9906427
0.2586942
0.9039649
0.1495784
1.025729
0.2901933
0.8866964
0.2643027
1.051727
0.4299045
1.02821
0.2506122
0.9471007
0.3379286
1.126062
0.3091067
0.9892775
0.2723294
1.132101
0.4044181
0.9509684
0.2815953
0.9507562
0.3370859
1.035078
0.3840312
0.9811867
0.1873064
0.8988602
0.3638154
0.9184372
0.233054
0.9765203
0.4432584
0.9962546
0.287951
0.8699858
0.5166965
0.930066
0.448274
0.9982139
0.3092038
0.9244982
0.32737
0.8807986
0.334097
0.8626184
0.2845068
0.8468138
0.35886
0.8338329
0.3100087
1.133139
0.3714605
0.8995602
0.3549699
0.9337331
0.3171198
0.8248196
0.4241154
0.8602955
0.3857385
1.018706
0.3474552
1.010483
0.4611545
1.041433
0.239602
0.9206223
0.4136261
1.073997
0.2737908
0.942275
0.3907922
1.121176
0.4010333
0.932976
0.4067358
1.086902
0.3126652
1.107881
0.3946313
0.9027114
0.3177246
1.085133
0.4081681
1.019203
0.520343
1.052047
0.3597422
0.8497332
0.455062
0.8996965
0.3241261
1.033744
0.410335
1.126597
0.4450596
1.091069
0.432897
1.050718
0.5417954
0.9019172
0.3779352
1.090788
0.4240952
0.9875669
0.3719525
0.8524868
0.4393694
0.89211
0.4081722
0.9712275
0.5405704
1.059871
0.4683987
0.9703752
0.4007363
1.029735
0.514783
0.9229321
0.4348192
1.068696
0.55726
0.963834
0.5285058
0.8404495
0.5838069
1.072911
0.3813259
0.8637252
0.5115317
0.8887515
0.5957734
0.9485629
0.4789348
0.9819241
0.5058233
0.7986113
0.5333984
0.8235561
0.4236768
0.8345537
0.4390617
1.00455
0.5590094
1.007891
0.6529345
0.8867888
0.6069936
1.042401
0.4606203
1.042873
0.4570094
0.9945841
0.4724144
0.9586735
0.4309404
0.9506504
0.3900892
0.9061798
0.4049879
0.9997473
0.466789
0.8485596
0.5606402
1.080385
0.5015324
0.8828719
0.5925657
0.9369195
0.5664331
0.8235281
0.511777
0.9331608
0.5353616
0.9535631
0.543759
0.8448645
0.594009
0.8704342
0.551927
0.9046006
0.6015542
0.8841485
0.6630029
1.147296
0.6146754
1.009319
0.5540837
0.9509177
0.5939164
0.9634878
0.4884408
0.9293287
0.4577899
0.9160435
0.7386802
0.9147164
0.6711786
0.8901647
0.5805987
1.017616
0.5653908
0.8467799
0.5080326
1.161365
0.6213341
0.980445
0.5870838
0.9802153
0.6508538
1.097501
0.5878074
1.008433
0.6067739
0.9888382
0.6092758
0.874175
0.6543468
0.856463
0.6108006
1.024279
0.5674542
0.8485932
0.5692129
0.8885154
0.6489841
0.9694815
0.5956199
0.8405003
0.6257008
0.908496
0.5502502
0.876141
0.515267
1.045808
0.6922807
0.992968
0.6539569
0.8478615
0.6961541
0.9635851
0.6611807
0.8678033
0.5910496
0.9285044
0.655215
0.9855615
0.565227
0.8953683
0.5280959
0.8695428
0.6541417
0.9136692
0.699465
0.9379423
0.5989367
0.8639101
0.6094315
0.7633143
0.638372
0.8895058
0.6037899
0.9411625
0.5516543
0.9433482
0.6071082
0.9577172
0.6078652
0.917454
0.6623279
0.9003133
0.7780061
0.86314
0.6892751
0.9213797
0.7213179
0.9841655
0.7562236
0.9423374
0.6471595
0.8065808
0.6902358
0.8921268
0.6633128
0.8010094
0.631703
0.7825664
0.733686
1.052265
0.7485998
0.9083185
0.6003538
0.9014418
0.8839548
0.8470991
0.7285166
1.032431
0.6768572
0.8648481
0.773836
0.9541391
0.7311487
0.9521044
0.6787415
0.9480838
0.7282716
0.9158267
0.7134084
0.8356236
0.6741884
0.8338149
0.6866005
0.9259858
0.8105326
0.8043376
0.7482032
0.8141941
0.7882465
0.8455002
0.6784754
1.043401
0.625009
0.9603419
0.7178524
0.9218079
0.588485
0.8235185
0.7493653
0.9101365
0.780314
0.7806503
0.7794433
0.8174693
0.7925381
0.880916
0.7306215
0.8980076
0.7210922
0.9550717
0.728229
0.9446493
0.8022444
0.7947171
0.7801484
0.7819464
0.7414993
0.8575345
0.8252847
0.6610838
0.707773
0.8655322
0.7128948
0.8660712
0.7490716
0.9110465
0.7079717
0.8864735
0.701391
0.857731
0.7347613
0.8695558
0.6813309
0.9612942
0.7154112
0.804105
0.7157089
0.8327109
0.7610113
0.7739677
0.8330383
0.8219208
0.7867342
0.9438618
0.7435575
0.8302656
0.8035783
0.8050954
0.752677
0.7934607
0.7860083
0.8229494
0.7008662
0.7866841
0.7804677
0.8154382
0.8746657
0.8567397
0.8301897
0.8269525
0.7141579
0.8917063
0.6740368
0.7896904
0.7641642
0.8202007
0.7688468
0.9514777
0.8578264
0.9480129
0.6496449
0.8421167
0.8733091
0.75545
0.7976423
0.941694
0.8228948
0.8465353
0.8177008
0.7145799
0.803306
0.8474963
0.7429234
0.9087223
0.7210684
0.8306001
0.7254566
0.7902614
0.8398404
0.8398842
0.8425266
0.8079324
0.9867312
0.8090288
0.7472966
0.8280501
0.8626614
0.6921484
0.7808858
0.7798648
0.8196444
0.8943436
0.8051502
0.6975942
0.7430471
0.7588566
0.8158349
0.8023299
0.9305916
0.7327568
0.8875989
0.7721701
0.7388662
0.7765605
0.8219715
0.7265286
0.8299653
0.6987007
0.9291248
0.9400148
0.6894267
0.8012912
0.8247594
0.7668678
0.785439
0.7467391
0.8939213
0.8492512
0.8972507
0.7702265
0.7699912
0.7222361
0.7998871
0.717553
0.7616572
0.6363176
0.8983856
0.8763881
0.8083195
0.8044323
0.8321145
0.6902926
0.8406879
0.7690994
0.9472077
0.6671644
0.802312
0.6857944
0.8458574
0.684566
0.8401094
0.7697013
0.8474399
0.7435932
0.8754721
0.7434912
0.8627508
0.702583
0.9405444
0.7206784
0.8611003
0.8024735
0.8676559
0.7511432
0.8956381
0.7293432
0.8862626
0.8088295
0.800181
0.7855186
0.9036816
0.675835
0.9152026
0.759717
0.9300298
0.7432426
0.8733459
0.6980184
0.9168997
0.7255237
0.8868988
0.7733736
0.8726588
0.6838496
0.8976063
0.6602498
0.9500098
0.6543612
0.9495045
0.7114266
0.8733835
0.7026146
0.8689809
0.5961713
0.8860241
0.6905625
0.8941839
0.6882668
0.9017849
0.7764225
0.9030892
0.7640201
0.9505326
0.7635889
0.8661063
0.7505865
0.8978879
0.7175227
0.8931124
0.7374756
0.914549
0.6558182
0.9434295
0.6939976
0.9019737
0.7159442
0.8495215
0.7214378
0.9219632
0.7115693
0.9132893
0.7234743
0.9530473
0.6543254
0.9324514
0.7122834
0.8833668
0.7045863
0.8618574
0.6882311
0.9489446
0.6952114
0.8896934
0.6805414
0.9173167
0.6937126
0.8715857
0.7115839
0.9717293
0.6678084
0.8983482
0.6395719
0.9726117
0.7053954
0.9080026
0.7058332
0.8604291
0.6095062
0.9559411
0.552956
0.935508
0.6421258
0.9055027
0.6898637
0.8993762
0.7033733
0.895927
0.6666342
0.8473701
0.672817
1.007049
0.6453159
0.9507155
0.5820171
0.9031063
0.6042998
0.9899065
0.7106749
0.8846471
0.667582
0.9117273
0.6750935
0.8435785
0.6145425
0.9440567
0.6516064
0.9005172
0.6483021
0.9675378
0.6177441
0.9043422
0.6163531
0.9469279
0.6578489
0.9122083
0.6413889
0.8782163
0.5629324
0.9472669
0.5915376
0.9639385
0.6202766
0.9328871
0.6503695
0.9141517
0.6282391
0.9326758
0.6278687
0.8760909
0.5875638
0.8963618
0.5647851
0.9686124
0.6320799
0.9611665
0.6109307
0.9670394
0.5622892
0.9269161
0.6429745
0.957214
0.5381878
0.9357702
0.6350129
0.9254877
0.6102309
0.9623539
0.5747088
0.9183023
0.5893528
0.8787075
0.586319
0.9894003
0.6055658
0.9597619
0.595221
0.941344
0.6909795
0.8989145
0.5608925
0.8969442
0.6488683
0.9574296
0.5933006
0.974326
0.6260242
0.9646369
0.6053238
0.9612535
0.5820794
0.9696874
0.591462
0.9107876
0.5614911
0.9639878
0.6465598
0.9241819
0.5732341
0.9740823
0.6021284
0.9137736
0.6113992
0.9992228
0.6206419
0.9753336
0.5989284
0.9690794
0.5507979
1.016205
0.6316364
0.9593778
0.5957443
1.028519
0.5871297
1.013548
0.5423878
1.017953
0.549713
0.917698
0.5880411
0.8966761
0.5572334
0.9735672
0.5060237
0.9620008
0.5083358
1.00853
0.4670337
0.9599593
0.6212308
0.9408391
0.5210618
0.9293019
0.5769543
0.9336978
0.5910623
0.9236227
0.5488879
0.9570355
0.5413237
0.9828671
0.512406
0.9109339
0.5567521
1.006651
0.5714535
0.9059148
0.5719413
0.9535794
0.5367821
0.9772331
0.5397618
0.9881789
0.5614206
0.9367042
0.5728142
1.002686
0.5059413
0.9893235
0.5439112
0.9725727
0.5585381
0.9984672
0.4738413
0.9521709
0.5676658
0.9894842
0.4875968
0.9451029
0.5202075
0.9565618
0.5061088
1.006599
0.5392439
0.9664361
0.4963498
0.9516492
0.5329143
0.9467341
0.5540114
1.023413
0.4943851
0.9466344
0.5347553
0.9640233
0.5412603
1.024344
0.5102313
0.9703428
0.5174899
0.9820801
0.4530226
1.017527
0.5346563
0.9792236
0.5412182
0.9811412
0.498503
0.9451246
0.4862239
0.9989169
0.4976572
0.9512295
0.4528839
1.015033
0.5115529
0.96705
0.4991691
1.009199
0.4256517
0.9382643
0.504185
0.970202
0.4443834
0.9818527
0.5130212
0.9734587
0.4726941
0.9343876
0.4887206
0.948076
0.4973047
0.9817377
0.4855317
0.9925755
0.5102663
0.9520786
0.4281933
0.9808434
0.5022597
1.005283
0.4933264
0.9834063
0.5078853
1.001161
0.4304388
0.9870695
0.4994094
0.9528663
0.4764565
0.9585667
0.4659283
0.9189802
0.4990706
1.007033
0.5050268
0.9632355
0.4626183
0.9847709
0.4877867
1.016717
0.4876364
1.01527
0.4548403
0.9868823
0.4238319
0.9355404
0.5079432
0.967941
0.4629026
0.9594558
0.5003287
0.9714388
0.4686249
0.9322426
0.4911562
1.022442
0.5171996
0.9507028
0.4635455
0.9720842
0.4439329
0.9717237
0.4627618
0.932734
0.4531592
0.9302661
0.4315368
1.016893
0.4279805
0.9704769
0.4678084
0.9672477
0.4280324
0.965226
0.4627602
0.98467
0.4263211
0.9763919
0.4678656
1.000656
0.4182031
1.02727
0.4341333
0.9734599
0.4414946
0.9813819
0.437227
1.023299
0.426341
1.029594
0.4486998
1.012478
0.4432685
0.9541393
0.4316885
0.9791719
0.4119954
0.9590883
0.4033816
0.9920057
0.4010692
1.009016
0.4089178
1.006924
0.4082153
0.9620256
0.4427025
0.9875132
0.4439939
0.9398626
0.3671559
1.015119
0.434535
1.034343
0.3624145
0.9976262
0.3992125
0.9893223
0.4012084
0.9870905
0.4332241
0.9324834
0.3970779
0.9763498
0.4112107
1.005591
0.3841165
0.9839578
0.3911034
0.9402143
0.3866128
1.014514
0.3917463
0.9948289
0.410001
0.9900234
0.4191818
0.9510587
0.3910237
0.9841079
0.4378358
1.012358
0.3730631
0.9639242
0.4115722
0.9946008
0.4221548
0.9645665
0.3932218
0.9630839
0.3492243
0.9794599
0.3820752
0.9592706
0.3718791
0.994752
0.3822153
0.9843916
0.3926179
0.9687062
0.4007894
0.9539966
0.3799742
0.984777
0.430462
0.9473577
0.4011619
0.9937537
0.3914573
1.005307
0.3529031
0.926505
0.3597053
0.9802992
0.3546152
0.9747384
0.3891909
1.009668
0.3650163
0.9614636
0.3384803
0.9813772
0.3528074
0.960389
0.3687603
0.9237797
0.36686
0.9985422
0.3922935
0.9814594
0.3755081
1.006423
0.3865912
0.9776173
0.3335725
0.9892708
0.3870698
0.984525
0.3850319
0.9828418
0.362229
0.985614
0.3885949
0.9922585
0.3510807
0.9817293
0.3571304
0.9698796
0.3577889
1.005315
0.3644918
0.9641204
0.3367861
0.9874787
0.3171537
0.9867675
0.365492
0.9912913
0.3645181
0.9473788
0.3450605
0.9612401
0.3377693
0.978099
0.3459146
0.9939157
0.3639753
0.9668412
0.3423702
0.9610015
0.3378104
0.9969282
0.3659722
0.975365
0.3356879
0.9727052
0.3370234
0.9517273
0.340299
0.9864462
0.3076216
0.9634979
0.347994
0.9618293
0.3297205
0.977424
0.3085088
0.9839618
0.3474936
0.9816408
0.3251355
0.9499483
0.3658825
0.9797491
0.3113577
0.9748481
0.33187
0.951991
0.3439504
0.9982249
0.3428836
0.9602868
0.3324226
0.9741314
0.30282
0.9904464
0.3604105
0.9600633
0.3345188
0.9777797
0.3057096
0.9614908
0.3242034
0.9654016
0.3361906
0.9547214
0.3412648
0.9746414
0.3020104
0.9645983
0.3279627
0.9986614
0.3174878
0.9903488
0.3297887
0.9922705
0.3294386
0.9947828
0.3220298
0.9833829
0.3180448
0.9851322
0.324097
0.9478671
0.3057918
0.9712646
0.3294922
0.968844
0.3278755
0.9555184
0.325192
0.98103
0.2966256
0.9846141
0.3104386
0.9724196
0.3124941
0.9679236
0.2867442
0.9756142
0.2989024
0.957476
0.3202423
0.9627934
0.3010906
0.9625037
0.3095954
0.9743385
0.3208269
0.9719484
0.3118327
0.9706885
0.3034695
0.9901869
0.3060457
0.9562675
0.287661
0.9500632
0.2918436
0.9832213
0.2848417
0.9884527
0.2902626
0.9520282
0.2939989
0.9709367
0.278393
0.973482
0.2727698
0.9573337
0.2811885
0.9777429
0.2960757
0.9590936
0.2972067
0.9647626
0.2960497
0.9508815
0.2777386
0.9509844
0.2906003
0.9605215
0.2927926
0.9603205
0.2872354
0.9828839
0.2832956
0.960928
0.2826923
0.9608549
0.2791618
0.9709775
0.278816
0.9561241
0.2730304
0.9852729
0.2903795
0.9671199
0.2789315
0.9715804
0.294579
0.9496183
0.2753018
0.9736442
0.2776001
0.9657187
0.2853746
0.9543972
0.2895543
0.956121
0.2565354
0.9748821
0.2792844
0.964682
0.2900152
0.9618596
0.2607787
0.971277
0.2747398
0.9505721
0.2701102
0.9597981
0.2638011
0.9655635
0.2608672
0.9553618
0.2721299
0.9676659
0.2497652
0.9545957
0.2661915
0.9603387
0.2608974
0.9778985
0.2629555
0.9558705
0.259143
0.9680679
0.2638333
0.9732669
0.2790045
0.9555675
0.2598039
0.9672722
0.2585717
0.9557545
0.2535715
0.9470683
0.258394
0.9464517
0.2757253
0.9353077
0.2527609
0.9659827
0.2558999
0.9450697
0.2600947
0.9615476
0.243742
0.975999
0.2627374
0.9435365
0.2510079
0.9525672
0.2352198
0.9512331
0.2357095
0.9507486
0.2442478
0.9738119
0.2384202
0.9516994
0.2488702
0.9506853
0.2449387
0.9548892
0.2435346
0.9790685
0.2277644
0.970511
0.2634476
0.9532445
0.2486397
0.9627742
0.2594007
0.9323167
0.2364569
0.9509057
0.2427177
0.9578227
0.2409889
0.9329974
0.2446526
0.9648749
0.2285644
0.9708027
0.2050817
0.9504709
0.2464879
0.9556484
0.2404913
0.9373149
0.2317514
0.9383193
0.2349968
0.9612477
0.2260233
0.9501933
0.2463966
0.9565076
0.215621
0.9608398
0.2326571
0.9505734
0.2230736
0.9552495
0.2183827
0.9503604
0.2344325
0.9491603
0.2332183
0.944564
0.2396805
0.9612603
0.2098308
0.9513903
0.2163899
0.9557799
0.2237962
0.9494338
0.2154558
0.9520913
0.2114793
0.946214
0.2214663
0.947331
0.2312104
0.9474783
0.2123512
0.950618
0.2150891
0.9268771
0.2117795
0.9608789
0.215688
0.9288831
0.2118424
0.9532287
0.2142828
0.9414563
0.2249726
0.9603924
0.2075796
0.9466803
0.2131681
0.9407402
0.2082631
0.9524202
0.2190222
0.9564596
0.1958433
0.951357
0.2118661
0.9465747
0.2060065
0.9412047
0.2102455
0.9440998
0.2020028
0.9431288
0.2070884
0.9603774
0.2112719
0.9333289
0.2100317
0.942736
0.2037095
0.9315554
0.2049648
0.9493799
0.2048239
0.934104
0.2088444
0.9474596
0.1988711
0.9429163
0.2001317
0.9320034
0.196828
0.954504
0.215254
0.9460177
0.2121903
0.9410988
0.2001356
0.9445171
0.2135872
0.9380349
0.2035064
0.9327661
0.2035556
0.9451641
0.1942648
0.9433236
0.1960356
0.9464782
0.1963063
0.9321339
0.20172
0.9406351
0.190596
0.9490753
0.202141
0.9405996
0.199382
0.9372851
0.1964114
0.9385599
0.2005861
0.924614
0.1913809
0.9458787
0.1921239
0.931433
0.1996562
0.9348743
0.1963228
0.9352396
0.1871425
0.925351
0.1951751
0.9301445
0.2033801
0.9307694
0.1929219
0.9398826
0.1936571
0.94346
0.2033062
0.9220936
0.1914907
0.9309812
0.1826113
0.9304636
0.1831477
0.9330721
0.2022446
0.9382762
0.1915719
0.9440742
0.1860014
0.9341561
0.200603
0.9340123
0.1969589
0.9291986
0.1911909
0.9264783
0.1860226
0.9396012
0.186418
0.9352693
0.1895451
0.93205
0.1891392
0.9267386
0.1893551
0.9341487
0.1876201
0.9309627
0.1895934
0.9325461
0.1866435
0.9352449
0.19467
0.9238046
0.1966126
0.9357107
0.1862977
0.9340842
0.1903953
0.9337665
0.1890232
0.9310439
0.1899238
0.9259147
0.1880827
0.9300237
0.1782355
0.9285452
0.1870781
0.9325881
0.1934333
0.9343154
0.1866057
0.9304442
0.1896655
0.9312881
0.1854401
0.9290763
0.1882397
0.9234981
0.1850188
0.9326346
0.1812886
0.9251736
0.1921748
0.9223989
0.184736
0.9225592
0.177124
0.929628
0.1822976
0.9266237
0.1839852
0.9349628
0.1881753
0.9286163
0.1805269
0.9322422
0.1818009
0.9255109
0.179688
0.9299247
0.1802856
0.9267222
0.1815351
0.9303102
0.181288
0.9211312
0.1754677
0.9257717
0.1796548
0.9329042
0.1771812
0.9257573
0.1827852
0.9353213
0.1708101
0.9203596
0.1745332
0.9276156
0.1776951
0.9236819
0.1838763
0.923486
0.1742017
0.9256634
0.1738314
0.9328535
0.1794012
0.9271411
0.1815329
0.9171386
0.1706194
0.9263732
0.1728248
0.9194068
0.1752008
0.9243646
0.1777935
0.9234493
0.1741815
0.9299442
0.1703809
0.92765
0.1676839
0.9253684
0.168596
0.9215246
0.1682963
0.9271908
0.1759727
0.9306812
0.1711925
0.9229276
0.1709136
0.9280826
0.1717236
0.9188359
0.1693017
0.9247718
0.1695497
0.9202391
0.1615323
0.9224069
0.1675049
0.9208337
0.1653828
0.9263067
0.1639471
0.9213396
0.1658624
0.9277074
0.1642234
0.9266226
0.1701952
0.9234439
0.1603829
0.9251964
0.1621395
0.9285887
0.1645541
0.9219231
0.155901
0.9256594
0.1569102
0.9283526
0.1636694
0.9229404
0.1560609
0.91998
0.1591124
0.9258429
0.1624432
0.9189464
0.1587612
0.9183995
0.1594071
0.9275795
0.15888
0.9190925
0.1610328
0.9181429
0.1558598
0.9233142
0.1610729
0.9244518
0.1558791
0.9159471
0.159095
0.918137
0.1576473
0.9219709
0.1519459
0.9221494
0.1563095
0.9175896
0.156455
0.9185579
0.1548348
0.9207673
0.1632963
0.9218242
0.1546108
0.9175497
0.1489311
0.9205863
0.1527428
0.9226178
0.1517129
0.9252924
0.1516731
0.9210163
0.152707
0.9202082
0.1538771
0.922006
0.1536199
0.9211302
0.1491773
0.9168217
0.145841
0.9181017
0.1485015
0.9189023
0.1503136
0.9221963
0.14732
0.9218377
0.147074
0.9172311
0.1455391
0.9182054
0.149868
0.9211434
0.1515084
0.9183771
0.1516766
0.917501
0.1485453
0.9179641
0.1471332
0.9203034
0.1460514
0.9149894
0.1470746
0.9193506
0.1459002
0.9169905
0.1461721
0.9167029
0.1459032
0.922941
0.1454598
0.9182268
0.1458426
0.924038
0.1436779
0.9194322
0.1454108
0.9179106
0.1465161
0.9184673
0.1458374
0.9184561
0.1459214
0.9176
0.1441767
0.9222529
0.1434693
0.9185358
0.1478219
0.9173778
0.1445186
0.9169874
0.1410017
0.9219711
0.1449626
0.9216277
0.1433742
0.9173653
0.1424237
0.9206268
0.1403192
0.9197311
0.140469
0.9204281
0.1428497
0.9184105
0.1386337
0.9211406
0.1432171
0.9191088
0.1405845
0.9196084
0.1443356
0.9180599
0.139758
0.9226986
0.1416814
0.9195461
0.1411379
0.9194642
0.1405466
0.9193629
0.1422285
0.9227045
0.1398501
0.9190298
0.1385597
0.9210764
0.1382967
0.9203507
0.1385339
0.9203959
0.1394335
0.9203985
0.1389125
0.9183746
0.1383636
0.9201686
0.1380543
0.9217345
0.1384798
0.9206982
0.1371809
0.9210474
0.1380416
0.9210975
0.1387209
0.9217427
0.137824
0.9201229
0.1366114
0.9207031
0.1374999
0.9227808
0.134567
0.9229617
0.138537
0.920153
0.1366782
0.9211853
0.138048
0.9225996
0.1359015
0.9225783
0.1340789
0.9219601
0.1362317
0.9225025
0.1361509
0.9234406
0.1356806
0.9226903
0.1358142
0.9229061
0.1348849
0.9239115
0.1352758
0.923029
0.132899
0.9232223
0.1344897
0.9238816
0.134022
0.9242486
0.1337207
0.9242291
0.1347518
0.9247823
0.1347458
0.9255633
0.1334907
0.9253484
0.1346277
0.9243752
0.1335062
0.9264069
0.1324577
0.9254781
0.131272
0.9256365
0.13248
0.9257439
0.1323753
0.9257482
0.1332955
0.9265417
0.1328447
0.9271755
0.1322185
0.9255349
0.1327083
0.9268152
0.1307322
0.927716
0.1318838
0.9277159
0.1331646
0.9276006
0.131635
0.9285255
0.131249
0.9284981
0.1308616
0.9276045
0.1307321
0.9289331
0.1316652
0.9291474
0.1305915
0.9291233
0.1312665
0.9291408
0.1290142
0.9309713
0.1308248
0.9300748
0.1294663
0.9313144
0.1301041
0.9305347
0.1297264
0.9317454
0.1300041
0.9312911
0.1286722
0.9321426
0.1297901
0.9322518
0.1287141
0.9331432
0.129292
0.9337139
0.1281054
0.9336935
0.1285357
0.9335583
0.1278017
0.9342479
0.1280813
0.9340526
0.1270496
0.9351054
0.1269406
0.9357025
0.1272812
0.9359121
0.1270216
0.9367874
0.1272548
0.9375488
0.1266913
0.9374074
0.1268459
0.9386309
0.1260757
0.9389438
0.1261537
0.9392762
0.1258102
0.940048
0.1248506
0.9412637
0.1249445
0.9416251
0.1253223
0.9414446
0.1240453
0.9425589
0.1247781
0.9426646
0.1246878
0.9435053
0.1245507
0.9435443
0.1234804
0.9443493
0.1229639
0.9452273
0.1227635
0.945913
0.1218554
0.9464954
0.1223696
0.9470184
0.1215713
0.9473095
0.1222297
0.9483889
0.1203202
0.9490281
0.1207215
0.949071
0.1202635
0.9500784
0.1200276
0.9506832
0.1195508
0.9514759
0.1194114
0.9517993
0.118486
0.9521704
0.117581
0.9536568
0.117734
0.9541889
0.1173228
0.9548165
0.1166111
0.955375
0.1159953
0.9561325
0.1156228
0.956065
0.1153192
0.9575234
0.1146085
0.9577131
0.1143065
0.9583791
0.1137448
0.9594246
0.1131653
0.9599738
0.1123616
0.9614649
0.1118609
0.9618124
0.1113158
0.9623778
0.1110407
0.962794
0.1103549
0.9638097
0.1096216
0.9637879
0.1087562
0.9647516
0.1081799
0.9657862
0.107213
0.9669675
0.1063503
0.9670612
0.1058875
0.9683193
0.1058521
0.9683312
0.1047968
0.9689538
0.1037522
0.9696037
0.1025812
0.9702612
0.1022632
0.9708425
0.1013626
0.9719595
0.1005082
0.9722579
0.1000007
0.9731315
0.0994288
0.9735374
0.09839638
0.9743735
0.09775654
0.974903
0.09662725
0.9754363
0.09564526
0.9763408
0.09499689
0.976701
0.09420706
0.9773802
0.09310594
0.9779329
0.0926195
0.9786747
0.09121831
0.9791892
0.09062342
0.9799911
0.08982083
0.9800667
0.08863009
0.9810807
0.08775539
0.98157
0.08672901
0.9820088
0.08591375
0.982349
0.08463793
0.9830331
0.0838904
0.9837691
0.08283997
0.9844751
0.08210085
0.984741
0.08056576
0.9852803
0.07981514
0.9856638
0.07868028
0.9859728
0.07781971
0.9864943
0.07684287
0.9869711
0.07574262
0.9874081
0.07484759
0.9879506
0.07409648
0.9890546
0.07219858
0.9886766
0.07090671
0.9891517
0.07028721
0.9897308
0.06961499
0.9902292
0.0677461
0.9900467
0.06673036
0.9892816
0.06646376
0.9903519
0.06570513
0.9910512
0.06468775
0.9915503
0.06344873
0.9929892
0.06194067
0.9925313
0.06050269
0.9921787
0.05965639
0.9929381
0.05866935
0.9927823
0.05781161
0.9932463
0.05663964
0.9935279
0.05542183
0.9936374
0.054155
0.9936329
0.05323843
0.9940702
0.05238005
0.9944109
0.05124391
0.994437
0.0502352
0.9949423
0.04926376
0.9949169
0.04830143
0.9951177
0.04709914
0.9950814
0.04610386
0.9954237
0.04505384
0.9955314
0.04392665
0.9958129
0.04282816
0.995936
0.04173428
0.9962503
0.04089341
0.9964839
0.03985002
0.9966169
0.03851332
0.9964796
0.03756289
0.9964613
0.03663613
0.9966133
0.03572168
0.9966322
0.03478815
0.9967412
0.03361014
0.9969078
0.03277698
0.9971391
0.03159587
0.9973112
0.03063698
0.9974212
0.02973603
0.9975697
0.02883624
0.997632
0.02775672
0.9975265
0.0268328
0.997661
0.02591883
0.9977859
0.02475317
0.9979211
0.02376559
0.9980855
0.02268559
0.9982392
0.02177263
0.9982561
0.02074543
0.9980195
0.01973786
0.9986674
0.01950933
0.9988368
0.01820835
0.9988639
0.01709291
0.9989848
0.01599367
0.9990861
0.0148228
0.9991847
0.01374931
0.9993547
0.01270894
0.9995077
0.01167686
0.9996235
0.01063813
0.999689
0.009611684
0.9996911
0.008584738
0.9996338
0.007549729
0.99951
0.006922105
0.9999451
0.005365669
0.9998814
0.004235981
0.9999241
0.003107838
0.9999373
0.002056031
0.9999549
0.001096358
1.00014
0
0.9999549
-0.001096358
0.9999373
-0.002056031
0.9999241
-0.003107838
0.9998814
-0.004235981
0.9999451
-0.005365669
0.99951
-0.006922105
0.9996338
-0.007549729
0.9996911
-0.008584738
0.999689
-0.009611684
0.9996235
-0.01063813
0.9995077
-0.01167686
0.9993547
-0.01270894
0.9991847
-0.01374931
0.9990861
-0.0148228
0.9989848
-0.01599367
0.9988639
-0.01709291
0.9988368
-0.01820835
0.9986674
-0.01950933
0.9980195
-0.01973786
0.9982561
-0.02074543
0.9982392
-0.02177263
0.9980855
-0.02268559
0.9979211
-0.02376559
0.9977859
-0.02475317
0.997661
-0.02591883
0.9975265
-0.0268328
0.997632
-0.02775672
0.9975697
-0.02883624
0.9974212
-0.02973603
0.9973112
-0.03063698
0.9971391
-0.03159587
0.9969078
-0.03277698
0.9967412
-0.03361014
0.9966322
-0.03478815
0.9966133
-0.03572168
0.9964613
-0.03663613
0.9964796
-0.03756289
0.9966169
-0.03851332
0.9964839
-0.03985002
0.9962503
-0.04089341
0.995936
-0.04173428
0.9958129
-0.04282816
0.9955314
-0.04392665
0.9954237
-0.04505384
0.9950814
-0.04610386
0.9951177
-0.04709914
0.9949169
-0.04830143
0.9949423
-0.04926376
0.994437
-0.0502352
0.9944109
-0.05124391
0.9940702
-0.05238005
0.9936329
-0.05323843
0.9936374
-0.054155
0.9935279
-0.05542183
0.9932463
-0.05663964
0.9927823
-0.05781161
0.9929381
-0.05866935
0.9921787
-0.05965639
0.9925313
-0.06050269
0.9929892
-0.06194067
0.9915503
-0.06344873
0.9910512
-0.06468775
0.9903519
-0.06570513
0.9892816
-0.06646376
0.9900467
-0.06673036
0.9902292
-0.0677461
0.9897308
-0.06961499
0.9891517
-0.07028721
0.9886766
-0.07090671
0.9890546
-0.07219858
0.9879506
-0.07409648
0.9874081
-0.07484759
0.9869711
-0.07574262
0.9864943
-0.07684287
0.9859728
-0.07781971
0.9856638
-0.07868028
0.9852803
-0.07981514
0.984741
-0.08056576
0.9844751
-0.08210085
0.9837691
-0.08283997
0.9830331
-0.0838904
0.982349
-0.08463793
0.9820088
-0.08591375
0.98157
-0.08672901
0.9810807
-0.08775539
0.9800667
-0.08863009
0.9799911
-0.08982083
0.9791892
-0.09062342
0.9786747
-0.09121831
0.9779329
-0.0926195
0.9773802
-0.09310594
0.976701
-0.09420706
0.9763408
-0.09499689
0.9754363
-0.09564526
0.974903
-0.09662725
0.9743735
-0.09775654
0.9735374
-0.09839638
0.9731315
-0.0994288
0.9722579
-0.1000007
0.9719595
-0.1005082
0.9708425
-0.1013626
0.9702612
-0.1022632
0.9696037
-0.1025812
0.9689538
-0.1037522
0.9683312
-0.1047968
0.9683193
-0.1058521
0.9670612
-0.1058875
0.9669675
-0.1063503
0.9657862
-0.107213
0.9647516
-0.1081799
0.9637879
-0.1087562
0.9638097
-0.1096216
0.962794
-0.1103549
0.9623778
-0.1110407
0.9618124
-0.1113158
0.9614649
-0.1118609
0.9599738
-0.1123616
0.9594246
-0.1131653
0.9583791
-0.1137448
0.9577131
-0.1143065
0.9575234
-0.1146085
0.956065
-0.1153192
0.9561325
-0.1156228
0.955375
-0.1159953
0.9548165
-0.1166111
0.9541889
-0.1173228
0.9536568
-0.117734
0.9521704
-0.117581
0.9517993
-0.118486
0.9514759
-0.1194114
0.9506832
-0.1195508
0.9500784
-0.1200276
0.949071
-0.1202635
0.9490281
-0.1207215
0.9483889
-0.1203202
0.9473095
-0.1222297
0.9470184
-0.1215713
0.9464954
-0.1223696
0.945913
-0.1218554
0.9452273
-0.1227635
0.9443493
-0.1229639
0.9435443
-0.1234804
0.9435053
-0.1245507
0.9426646
-0.1246878
0.9425589
-0.1247781
0.9414446
-0.1240453
0.9416251
-0.1253223
0.9412637
-0.1249445
0.940048
-0.1248506
0.9392762
-0.1258102
0.9389438
-0.1261537
0.9386309
-0.1260757
0.9374074
-0.1268459
0.9375488
-0.1266913
0.9367874
-0.1272548
0.9359121
-0.1270216
0.9357025
-0.1272812
0.9351054
-0.1269406
0.9340526
-0.1270496
0.9342479
-0.1280813
0.9335583
-0.1278017
0.9336935
-0.1285357
0.9337139
-0.1281054
0.9331432
-0.129292
0.9322518
-0.1287141
0.9321426
-0.1297901
0.9312911
-0.1286722
0.9317454
-0.1300041
0.9305347
-0.1297264
0.9313144
-0.1301041
0.9300748
-0.1294663
0.9309713
-0.1308248
0.9291408
-0.1290142
0.9291233
-0.1312665
0.9291474
-0.1305915
0.9289331
-0.1316652
0.9276045
-0.1307321
0.9284981
-0.1308616
0.9285255
-0.131249
0.9276006
-0.131635
0.9277159
-0.1331646
0.927716
-0.1318838
0.9268152
-0.1307322
0.9255349
-0.1327083
0.9271755
-0.1322185
0.9265417
-0.1328447
0.9257482
-0.1332955
0.9257439
-0.1323753
0.9256365
-0.13248
0.9254781
-0.131272
0.9264069
-0.1324577
0.9243752
-0.1335062
0.9253484
-0.1346277
0.9255633
-0.1334907
0.9247823
-0.1347458
0.9242291
-0.1347518
0.9242486
-0.1337207
0.9238816
-0.134022
0.9232223
-0.1344897
0.923029
-0.132899
0.9239115
-0.1352758
0.9229061
-0.1348849
0.9226903
-0.1358142
0.9234406
-0.1356806
0.9225025
-0.1361509
0.9219601
-0.1362317
0.9225783
-0.1340789
0.9225996
-0.1359015
0.9211853
-0.138048
0.920153
-0.1366782
0.9229617
-0.138537
0.9227808
-0.134567
0.9207031
-0.1374999
0.9201229
-0.1366114
0.9217427
-0.137824
0.9210975
-0.1387209
0.9210474
-0.1380416
0.9206982
-0.1371809
0.9217345
-0.1384798
0.9201686
-0.1380543
0.9183746
-0.1383636
0.9203985
-0.1389125
0.9203959
-0.1394335
0.9203507
-0.1385339
0.9210764
-0.1382967
0.9190298
-0.1385597
0.9227045
-0.1398501
0.9193629
-0.1422285
0.9194642
-0.1405466
0.9195461
-0.1411379
0.9226986
-0.1416814
0.9180599
-0.139758
0.9196084
-0.1443356
0.9191088
-0.1405845
0.9211406
-0.1432171
0.9184105
-0.1386337
0.9204281
-0.1428497
0.9197311
-0.140469
0.9206268
-0.1403192
0.9173653
-0.1424237
0.9216277
-0.1433742
0.9219711
-0.1449626
0.9169874
-0.1410017
0.9173778
-0.1445186
0.9185358
-0.1478219
0.9222529
-0.1434693
0.9176
-0.1441767
0.9184561
-0.1459214
0.9184673
-0.1458374
0.9179106
-0.1465161
0.9194322
-0.1454108
0.924038
-0.1436779
0.9182268
-0.1458426
0.922941
-0.1454598
0.9167029
-0.1459032
0.9169905
-0.1461721
0.9193506
-0.1459002
0.9149894
-0.1470746
0.9203034
-0.1460514
0.9179641
-0.1471332
0.917501
-0.1485453
0.9183771
-0.1516766
0.9211434
-0.1515084
0.9182054
-0.149868
0.9172311
-0.1455391
0.9218377
-0.147074
0.9221963
-0.14732
0.9189023
-0.1503136
0.9181017
-0.1485015
0.9168217
-0.145841
0.9211302
-0.1491773
0.922006
-0.1536199
0.9202082
-0.1538771
0.9210163
-0.152707
0.9252924
-0.1516731
0.9226178
-0.1517129
0.9205863
-0.1527428
0.9175497
-0.1489311
0.9218242
-0.1546108
0.9207673
-0.1632963
0.9185579
-0.1548348
0.9175896
-0.156455
0.9221494
-0.1563095
0.9219709
-0.1519459
0.918137
-0.1576473
0.9159471
-0.159095
0.9244518
-0.1558791
0.9233142
-0.1610729
0.9181429
-0.1558598
0.9190925
-0.1610328
0.9275795
-0.15888
0.9183995
-0.1594071
0.9189464
-0.1587612
0.9258429
-0.1624432
0.91998
-0.1591124
0.9229404
-0.1560609
0.9283526
-0.1636694
0.9256594
-0.1569102
0.9219231
-0.155901
0.9285887
-0.1645541
0.9251964
-0.1621395
0.9234439
-0.1603829
0.9266226
-0.1701952
0.9277074
-0.1642234
0.9213396
-0.1658624
0.9263067
-0.1639471
0.9208337
-0.1653828
0.9224069
-0.1675049
0.9202391
-0.1615323
0.9247718
-0.1695497
0.9188359
-0.1693017
0.9280826
-0.1717236
0.9229276
-0.1709136
0.9306812
-0.1711925
0.9271908
-0.1759727
0.9215246
-0.1682963
0.9253684
-0.168596
0.92765
-0.1676839
0.9299442
-0.1703809
0.9234493
-0.1741815
0.9243646
-0.1777935
0.9194068
-0.1752008
0.9263732
-0.1728248
0.9171386
-0.1706194
0.9271411
-0.1815329
0.9328535
-0.1794012
0.9256634
-0.1738314
0.923486
-0.1742017
0.9236819
-0.1838763
0.9276156
-0.1776951
0.9203596
-0.1745332
0.9353213
-0.1708101
0.9257573
-0.1827852
0.9329042
-0.1771812
0.9257717
-0.1796548
0.9211312
-0.1754677
0.9303102
-0.181288
0.9267222
-0.1815351
0.9299247
-0.1802856
0.9255109
-0.179688
0.9322422
-0.1818009
0.9286163
-0.1805269
0.9349628
-0.1881753
0.9266237
-0.1839852
0.929628
-0.1822976
0.9225592
-0.177124
0.9223989
-0.184736
0.9251736
-0.1921748
0.9326346
-0.1812886
0.9234981
-0.1850188
0.9290763
-0.1882397
0.9312881
-0.1854401
0.9304442
-0.1896655
0.9343154
-0.1866057
0.9325881
-0.1934333
0.9285452
-0.1870781
0.9300237
-0.1782355
0.9259147
-0.1880827
0.9310439
-0.1899238
0.9337665
-0.1890232
0.9340842
-0.1903953
0.9357107
-0.1862977
0.9238046
-0.1966126
0.9352449
-0.19467
0.9325461
-0.1866435
0.9309627
-0.1895934
0.9341487
-0.1876201
0.9267386
-0.1893551
0.93205
-0.1891392
0.9352693
-0.1895451
0.9396012
-0.186418
0.9264783
-0.1860226
0.9291986
-0.1911909
0.9340123
-0.1969589
0.9341561
-0.200603
0.9440742
-0.1860014
0.9382762
-0.1915719
0.9330721
-0.2022446
0.9304636
-0.1831477
0.9309812
-0.1826113
0.9220936
-0.1914907
0.94346
-0.2033062
0.9398826
-0.1936571
0.9307694
-0.1929219
0.9301445
-0.2033801
0.925351
-0.1951751
0.9352396
-0.1871425
0.9348743
-0.1963228
0.931433
-0.1996562
0.9458787
-0.1921239
0.924614
-0.1913809
0.9385599
-0.2005861
0.9372851
-0.1964114
0.9405996
-0.199382
0.9490753
-0.202141
0.9406351
-0.190596
0.9321339
-0.20172
0.9464782
-0.1963063
0.9433236
-0.1960356
0.9451641
-0.1942648
0.9327661
-0.2035556
0.9380349
-0.2035064
0.9445171
-0.2135872
0.9410988
-0.2001356
0.9460177
-0.2121903
0.954504
-0.215254
0.9320034
-0.196828
0.9429163
-0.2001317
0.9474596
-0.1988711
0.934104
-0.2088444
0.9493799
-0.2048239
0.9315554
-0.2049648
0.942736
-0.2037095
0.9333289
-0.2100317
0.9603774
-0.2112719
0.9431288
-0.2070884
0.9440998
-0.2020028
0.9412047
-0.2102455
0.9465747
-0.2060065
0.951357
-0.2118661
0.9564596
-0.1958433
0.9524202
-0.2190222
0.9407402
-0.2082631
0.9466803
-0.2131681
0.9603924
-0.2075796
0.9414563
-0.2249726
0.9532287
-0.2142828
0.9288831
-0.2118424
0.9608789
-0.215688
0.9268771
-0.2117795
0.950618
-0.2150891
0.9474783
-0.2123512
0.947331
-0.2312104
0.946214
-0.2214663
0.9520913
-0.2114793
0.9494338
-0.2154558
0.9557799
-0.2237962
0.9513903
-0.2163899
0.9612603
-0.2098308
0.944564
-0.2396805
0.9491603
-0.2332183
0.9503604
-0.2344325
0.9552495
-0.2183827
0.9505734
-0.2230736
0.9608398
-0.2326571
0.9565076
-0.215621
0.9501933
-0.2463966
0.9612477
-0.2260233
0.9383193
-0.2349968
0.9373149
-0.2317514
0.9556484
-0.2404913
0.9504709
-0.2464879
0.9708027
-0.2050817
0.9648749
-0.2285644
0.9329974
-0.2446526
0.9578227
-0.2409889
0.9509057
-0.2427177
0.9323167
-0.2364569
0.9627742
-0.2594007
0.9532445
-0.2486397
0.970511
-0.2634476
0.9790685
-0.2277644
0.9548892
-0.2435346
0.9506853
-0.2449387
0.9516994
-0.2488702
0.9738119
-0.2384202
0.9507486
-0.2442478
0.9512331
-0.2357095
0.9525672
-0.2352198
0.9435365
-0.2510079
0.975999
-0.2627374
0.9615476
-0.243742
0.9450697
-0.2600947
0.9659827
-0.2558999
0.9353077
-0.2527609
0.9464517
-0.2757253
0.9470683
-0.258394
0.9557545
-0.2535715
0.9672722
-0.2585717
0.9555675
-0.2598039
0.9732669
-0.2790045
0.9680679
-0.2638333
0.9558705
-0.259143
0.9778985
-0.2629555
0.9603387
-0.2608974
0.9545957
-0.2661915
0.9676659
-0.2497652
0.9553618
-0.2721299
0.9655635
-0.2608672
0.9597981
-0.2638011
0.9505721
-0.2701102
0.971277
-0.2747398
0.9618596
-0.2607787
0.964682
-0.2900152
0.9748821
-0.2792844
0.956121
-0.2565354
0.9543972
-0.2895543
0.9657187
-0.2853746
0.9736442
-0.2776001
0.9496183
-0.2753018
0.9715804
-0.294579
0.9671199
-0.2789315
0.9852729
-0.2903795
0.9561241
-0.2730304
0.9709775
-0.278816
0.9608549
-0.2791618
0.960928
-0.2826923
0.9828839
-0.2832956
0.9603205
-0.2872354
0.9605215
-0.2927926
0.9509844
-0.2906003
0.9508815
-0.2777386
0.9647626
-0.2960497
0.9590936
-0.2972067
0.9777429
-0.2960757
0.9573337
-0.2811885
0.973482
-0.2727698
0.9709367
-0.278393
0.9520282
-0.2939989
0.9884527
-0.2902626
0.9832213
-0.2848417
0.9500632
-0.2918436
0.9562675
-0.287661
0.9901869
-0.3060457
0.9706885
-0.3034695
0.9719484
-0.3118327
0.9743385
-0.3208269
0.9625037
-0.3095954
0.9627934
-0.3010906
0.957476
-0.3202423
0.9756142
-0.2989024
0.9679236
-0.2867442
0.9724196
-0.3124941
0.9846141
-0.3104386
0.98103
-0.2966256
0.9555184
-0.325192
0.968844
-0.3278755
0.9712646
-0.3294922
0.9478671
-0.3057918
0.9851322
-0.324097
0.9833829
-0.3180448
0.9947828
-0.3220298
0.9922705
-0.3294386
0.9903488
-0.3297887
0.9986614
-0.3174878
0.9645983
-0.3279627
0.9746414
-0.3020104
0.9547214
-0.3412648
0.9654016
-0.3361906
0.9614908
-0.3242034
0.9777797
-0.3057096
0.9600633
-0.3345188
0.9904464
-0.3604105
0.9741314
-0.30282
0.9602868
-0.3324226
0.9982249
-0.3428836
0.951991
-0.3439504
0.9748481
-0.33187
0.9797491
-0.3113577
0.9499483
-0.3658825
0.9816408
-0.3251355
0.9839618
-0.3474936
0.977424
-0.3085088
0.9618293
-0.3297205
0.9634979
-0.347994
0.9864462
-0.3076216
0.9517273
-0.340299
0.9727052
-0.3370234
0.975365
-0.3356879
0.9969282
-0.3659722
0.9610015
-0.3378104
0.9668412
-0.3423702
0.9939157
-0.3639753
0.978099
-0.3459146
0.9612401
-0.3377693
0.9473788
-0.3450605
0.9912913
-0.3645181
0.9867675
-0.365492
0.9874787
-0.3171537
0.9641204
-0.3367861
1.005315
-0.3644918
0.9698796
-0.3577889
0.9817293
-0.3571304
0.9922585
-0.3510807
0.985614
-0.3885949
0.9828418
-0.362229
0.984525
-0.3850319
0.9892708
-0.3870698
0.9776173
-0.3335725
1.006423
-0.3865912
0.9814594
-0.3755081
0.9985422
-0.3922935
0.9237797
-0.36686
0.960389
-0.3687603
0.9813772
-0.3528074
0.9614636
-0.3384803
1.009668
-0.3650163
0.9747384
-0.3891909
0.9802992
-0.3546152
0.926505
-0.3597053
1.005307
-0.3529031
0.9937537
-0.3914573
0.9473577
-0.4011619
0.984777
-0.430462
0.9539966
-0.3799742
0.9687062
-0.4007894
0.9843916
-0.3926179
0.994752
-0.3822153
0.9592706
-0.3718791
0.9794599
-0.3820752
0.9630839
-0.3492243
0.9645665
-0.3932218
0.9946008
-0.4221548
0.9639242
-0.4115722
1.012358
-0.3730631
0.9841079
-0.4378358
0.9510587
-0.3910237
0.9900234
-0.4191818
0.9948289
-0.410001
1.014514
-0.3917463
0.9402143
-0.3866128
0.9839578
-0.3911034
1.005591
-0.3841165
0.9763498
-0.4112107
0.9324834
-0.3970779
0.9870905
-0.4332241
0.9893223
-0.4012084
0.9976262
-0.3992125
1.034343
-0.3624145
1.015119
-0.434535
0.9398626
-0.3671559
0.9875132
-0.4439939
0.9620256
-0.4427025
1.006924
-0.4082153
1.009016
-0.4089178
0.9920057
-0.4010692
0.9590883
-0.4033816
0.9791719
-0.4119954
0.9541393
-0.4316885
1.012478
-0.4432685
1.029594
-0.4486998
1.023299
-0.426341
0.9813819
-0.437227
0.9734599
-0.4414946
1.02727
-0.4341333
1.000656
-0.4182031
0.9763919
-0.4678656
0.98467
-0.4263211
0.965226
-0.4627602
0.9672477
-0.4280324
0.9704769
-0.4678084
1.016893
-0.4279805
0.9302661
-0.4315368
0.932734
-0.4531592
0.9717237
-0.4627618
0.9720842
-0.4439329
0.9507028
-0.4635455
1.022442
-0.5171996
0.9322426
-0.4911562
0.9714388
-0.4686249
0.9594558
-0.5003287
0.967941
-0.4629026
0.9355404
-0.5079432
0.9868823
-0.4238319
1.01527
-0.4548403
1.016717
-0.4876364
0.9847709
-0.4877867
0.9632355
-0.4626183
1.007033
-0.5050268
0.9189802
-0.4990706
0.9585667
-0.4659283
0.9528663
-0.4764565
0.9870695
-0.4994094
1.001161
-0.4304388
0.9834063
-0.5078853
1.005283
-0.4933264
0.9808434
-0.5022597
0.9520786
-0.4281933
0.9925755
-0.5102663
0.9817377
-0.4855317
0.948076
-0.4973047
0.9343876
-0.4887206
0.9734587
-0.4726941
0.9818527
-0.5130212
0.970202
-0.4443834
0.9382643
-0.504185
1.009199
-0.4256517
0.96705
-0.4991691
1.015033
-0.5115529
0.9512295
-0.4528839
0.9989169
-0.4976572
0.9451246
-0.4862239
0.9811412
-0.498503
0.9792236
-0.5412182
1.017527
-0.5346563
0.9820801
-0.4530226
0.9703428
-0.5174899
1.024344
-0.5102313
0.9640233
-0.5412603
0.9466344
-0.5347553
1.023413
-0.4943851
0.9467341
-0.5540114
0.9516492
-0.5329143
0.9664361
-0.4963498
1.006599
-0.5392439
0.9565618
-0.5061088
0.9451029
-0.5202075
0.9894842
-0.4875968
0.9521709
-0.5676658
0.9984672
-0.4738413
0.9725727
-0.5585381
0.9893235
-0.5439112
1.002686
-0.5059413
0.9367042
-0.5728142
0.9881789
-0.5614206
0.9772331
-0.5397618
0.9535794
-0.5367821
0.9059148
-0.5719413
1.006651
-0.5714535
0.9109339
-0.5567521
0.9828671
-0.512406
0.9570355
-0.5413237
0.9236227
-0.5488879
0.9336978
-0.5910623
0.9293019
-0.5769543
0.9408391
-0.5210618
0.9599593
-0.6212308
1.00853
-0.4670337
0.9620008
-0.5083358
0.9735672
-0.5060237
0.8966761
-0.5572334
0.917698
-0.5880411
1.017953
-0.549713
1.013548
-0.5423878
1.028519
-0.5871297
0.9593778
-0.5957443
1.016205
-0.6316364
0.9690794
-0.5507979
0.9753336
-0.5989284
0.9992228
-0.6206419
0.9137736
-0.6113992
0.9740823
-0.6021284
0.9241819
-0.5732341
0.9639878
-0.6465598
0.9107876
-0.5614911
0.9696874
-0.591462
0.9612535
-0.5820794
0.9646369
-0.6053238
0.974326
-0.6260242
0.9574296
-0.5933006
0.8969442
-0.6488683
0.8989145
-0.5608925
0.941344
-0.6909795
0.9597619
-0.595221
0.9894003
-0.6055658
0.8787075
-0.586319
0.9183023
-0.5893528
0.9623539
-0.5747088
0.9254877
-0.6102309
0.9357702
-0.6350129
0.957214
-0.5381878
0.9269161
-0.6429745
0.9670394
-0.5622892
0.9611665
-0.6109307
0.9686124
-0.6320799
0.8963618
-0.5647851
0.8760909
-0.5875638
0.9326758
-0.6278687
0.9141517
-0.6282391
0.9328871
-0.6503695
0.9639385
-0.6202766
0.9472669
-0.5915376
0.8782163
-0.5629324
0.9122083
-0.6413889
0.9469279
-0.6578489
0.9043422
-0.6163531
0.9675378
-0.6177441
0.9005172
-0.6483021
0.9440567
-0.6516064
0.8435785
-0.6145425
0.9117273
-0.6750935
0.8846471
-0.667582
0.9899065
-0.7106749
0.9031063
-0.6042998
0.9507155
-0.5820171
1.007049
-0.6453159
0.8473701
-0.672817
0.895927
-0.6666342
0.8993762
-0.7033733
0.9055027
-0.6898637
0.935508
-0.6421258
0.9559411
-0.552956
0.8604291
-0.6095062
0.9080026
-0.7058332
0.9726117
-0.7053954
0.8983482
-0.6395719
0.9717293
-0.6678084
0.8715857
-0.7115839
0.9173167
-0.6937126
0.8896934
-0.6805414
0.9489446
-0.6952114
0.8618574
-0.6882311
0.8833668
-0.7045863
0.9324514
-0.7122834
0.9530473
-0.6543254
0.9132893
-0.7234743
0.9219632
-0.7115693
0.8495215
-0.7214378
0.9019737
-0.7159442
0.9434295
-0.6939976
0.914549
-0.6558182
0.8931124
-0.7374756
0.8978879
-0.7175227
0.8661063
-0.7505865
0.9505326
-0.7635889
0.9030892
-0.7640201
0.9017849
-0.7764225
0.8941839
-0.6882668
0.8860241
-0.6905625
0.8689809
-0.5961713
0.8733835
-0.7026146
0.9495045
-0.7114266
0.9500098
-0.6543612
0.8976063
-0.6602498
0.8726588
-0.6838496
0.8868988
-0.7733736
0.9168997
-0.7255237
0.8733459
-0.6980184
0.9300298
-0.7432426
0.9152026
-0.759717
0.9036816
-0.675835
0.800181
-0.7855186
0.8862626
-0.8088295
0.8956381
-0.7293432
0.8676559
-0.7511432
0.8611003
-0.8024735
0.9405444
-0.7206784
0.8627508
-0.702583
0.8754721
-0.7434912
0.8474399
-0.7435932
0.8401094
-0.7697013
0.8458574
-0.684566
0.802312
-0.6857944
0.9472077
-0.6671644
0.8406879
-0.7690994
0.8321145
-0.6902926
0.8083195
-0.8044323
0.8983856
-0.8763881
0.7616572
-0.6363176
0.7998871
-0.717553
0.7699912
-0.7222361
0.8972507
-0.7702265
0.8939213
-0.8492512
0.785439
-0.7467391
0.8247594
-0.7668678
0.6894267
-0.8012912
0.9291248
-0.9400148
0.8299653
-0.6987007
0.8219715
-0.7265286
0.7388662
-0.7765605
0.8875989
-0.7721701
0.9305916
-0.7327568
0.8158349
-0.8023299
0.7430471
-0.7588566
0.8051502
-0.6975942
0.8196444
-0.8943436
0.7808858
-0.7798648
0.8626614
-0.6921484
0.7472966
-0.8280501
0.9867312
-0.8090288
0.8425266
-0.8079324
0.8398404
-0.8398842
0.7254566
-0.7902614
0.7210684
-0.8306001
0.7429234
-0.9087223
0.803306
-0.8474963
0.8177008
-0.7145799
0.8228948
-0.8465353
0.7976423
-0.941694
0.8733091
-0.75545
0.6496449
-0.8421167
0.8578264
-0.9480129
0.7688468
-0.9514777
0.7641642
-0.8202007
0.6740368
-0.7896904
0.7141579
-0.8917063
0.8301897
-0.8269525
0.8746657
-0.8567397
0.7804677
-0.8154382
0.7008662
-0.7866841
0.7860083
-0.8229494
0.752677
-0.7934607
0.8035783
-0.8050954
0.7435575
-0.8302656
0.7867342
-0.9438618
0.8330383
-0.8219208
0.7610113
-0.7739677
0.7157089
-0.8327109
0.7154112
-0.804105
0.6813309
-0.9612942
0.7347613
-0.8695558
0.701391
-0.857731
0.7079717
-0.8864735
0.7490716
-0.9110465
0.7128948
-0.8660712
0.707773
-0.8655322
0.8252847
-0.6610838
0.7414993
-0.8575345
0.7801484
-0.7819464
0.8022444
-0.7947171
0.728229
-0.9446493
0.7210922
-0.9550717
0.7306215
-0.8980076
0.7925381
-0.880916
0.7794433
-0.8174693
0.780314
-0.7806503
0.7493653
-0.9101365
0.588485
-0.8235185
0.7178524
-0.9218079
0.625009
-0.9603419
0.6784754
-1.043401
0.7882465
-0.8455002
0.7482032
-0.8141941
0.8105326
-0.8043376
0.6866005
-0.9259858
0.6741884
-0.8338149
0.7134084
-0.8356236
0.7282716
-0.9158267
0.6787415
-0.9480838
0.7311487
-0.9521044
0.773836
-0.9541391
0.6768572
-0.8648481
0.7285166
-1.032431
0.8839548
-0.8470991
0.6003538
-0.9014418
0.7485998
-0.9083185
0.733686
-1.052265
0.631703
-0.7825664
0.6633128
-0.8010094
0.6902358
-0.8921268
0.6471595
-0.8065808
0.7562236
-0.9423374
0.7213179
-0.9841655
0.6892751
-0.9213797
0.7780061
-0.86314
0.6623279
-0.9003133
0.6078652
-0.917454
0.6071082
-0.9577172
0.5516543
-0.9433482
0.6037899
-0.9411625
0.638372
-0.8895058
0.6094315
-0.7633143
0.5989367
-0.8639101
0.699465
-0.9379423
0.6541417
-0.9136692
0.5280959
-0.8695428
0.565227
-0.8953683
0.655215
-0.9855615
0.5910496
-0.9285044
0.6611807
-0.8678033
0.6961541
-0.9635851
0.6539569
-0.8478615
0.6922807
-0.992968
0.515267
-1.045808
0.5502502
-0.876141
0.6257008
-0.908496
0.5956199
-0.8405003
0.6489841
-0.9694815
0.5692129
-0.8885154
0.5674542
-0.8485932
0.6108006
-1.024279
0.6543468
-0.856463
0.6092758
-0.874175
0.6067739
-0.9888382
0.5878074
-1.008433
0.6508538
-1.097501
0.5870838
-0.9802153
0.6213341
-0.980445
0.5080326
-1.161365
0.5653908
-0.8467799
0.5805987
-1.017616
0.6711786
-0.8901647
0.7386802
-0.9147164
0.4577899
-0.9160435
0.4884408
-0.9293287
0.5939164
-0.9634878
0.5540837
-0.9509177
0.6146754
-1.009319
0.6630029
-1.147296
0.6015542
-0.8841485
0.551927
-0.9046006
0.594009
-0.8704342
0.543759
-0.8448645
0.5353616
-0.9535631
0.511777
-0.9331608
0.5664331
-0.8235281
0.5925657
-0.9369195
0.5015324
-0.8828719
0.5606402
-1.080385
0.466789
-0.8485596
0.4049879
-0.9997473
0.3900892
-0.9061798
0.4309404
-0.9506504
0.4724144
-0.9586735
0.4570094
-0.9945841
0.4606203
-1.042873
0.6069936
-1.042401
0.6529345
-0.8867888
0.5590094
-1.007891
0.4390617
-1.00455
0.4236768
-0.8345537
0.5333984
-0.8235561
0.5058233
-0.7986113
0.4789348
-0.9819241
0.5957734
-0.9485629
0.5115317
-0.8887515
0.3813259
-0.8637252
0.5838069
-1.072911
0.5285058
-0.8404495
0.55726
-0.963834
0.4348192
-1.068696
0.514783
-0.9229321
0.4007363
-1.029735
0.4683987
-0.9703752
0.5405704
-1.059871
0.4081722
-0.9712275
0.4393694
-0.89211
0.3719525
-0.8524868
0.4240952
-0.9875669
0.3779352
-1.090788
0.5417954
-0.9019172
0.432897
-1.050718
0.4450596
-1.091069
0.410335
-1.126597
0.3241261
-1.033744
0.455062
-0.8996965
0.3597422
-0.8497332
0.520343
-1.052047
0.4081681
-1.019203
0.3177246
-1.085133
0.3946313
-0.9027114
0.3126652
-1.107881
0.4067358
-1.086902
0.4010333
-0.932976
0.3907922
-1.121176
0.2737908
-0.942275
0.4136261
-1.073997
0.239602
-0.9206223
0.4611545
-1.041433
0.3474552
-1.010483
0.3857385
-1.018706
0.4241154
-0.8602955
0.3171198
-0.8248196
0.3549699
-0.9337331
0.3714605
-0.8995602
0.3100087
-1.133139
0.35886
-0.8338329
0.2845068
-0.8468138
0.334097
-0.8626184
0.32737
-0.8807986
0.3092038
-0.9244982
0.448274
-0.9982139
0.5166965
-0.930066
0.287951
-0.8699858
0.4432584
-0.9962546
0.233054
-0.9765203
0.3638154
-0.9184372
0.1873064
-0.8988602
0.3840312
-0.9811867
0.3370859
-1.035078
0.2815953
-0.9507562
0.4044181
-0.9509684
0.2723294
-1.132101
0.3091067
-0.9892775
0.3379286
-1.126062
0.2506122
-0.9471007
0.4299045
-1.02821
0.2643027
-1.051727
0.2901933
-0.8866964
0.1495784
-1.025729
0.2586942
-0.9039649
0.3941344
-0.9906427
0.210363
-0.964416
0.1235392
-0.892619
0.3775059
-1.062972
0.4192583
-1.057613
0.3897128
-1.00309
0.4195389
-1.129694
0.3767101
-0.944634
0.2375905
-0.9234791
0.2001711
-1.102378
0.3282421
-1.043614
0.318003
-0.9112344
0.3333192
-0.9394288
0.3148223
-0.8490875
0.1462762
-1.061422
0.2595887
-1.121027
0.2523911
-0.9247975
0.257408
-1.099012
0.1141734
-0.7961565
0.1801546
-0.7928629
0.1879282
-0.9795462
0.2852197
-0.8226203
0.0984024
-0.8633189
0.1181429
-1.027266
0.328683
-1.096743
0.2085111
-0.7376721
0.04980289
-0.8035391
0.2243663
-0.8846216
0.2092205
-0.9524447
0.2358768
-0.8304232
0.1172107
-0.8491824
0.1147582
-1.030307
0.293115
-0.8686315
0.3074827
-0.853002
0.06119822
-1.011204
0.169056
-0.8119056
0.1098527
-1.218565
0.08492105
-1.076767
0.1680458
-0.9339094
0.3724838
-0.7474732
0.2799165
-0.8301504
0.06549564
-0.8882799
0.1928579
-0.9372122
0.1984016
-0.8485335
0.1724159
-0.7586058
0.1944551
-0.9857945
0.09711014
-0.9403112
0.3901396
-0.9588591
0.2316072
-1.08576
0.1756899
-1.086806
0.07963066
-0.7151443
0.2279083
-0.8705114
0.1473994
-0.8855558
0.2807032
-0.7599416
0.1600622
-0.8964699
0.1710792
-0.8579147
0.2248212
-0.8106222
0.1323922
-0.9315562
0.2163145
-1.180066
0.2341363
-0.832894
0.07493389
-1.027024
0.1226536
-0.9299435
0.06671461
-0.8517189
-0.01941565
-0.9528634
0.136575
-0.9021379
0.008336371
-0.9011263
0.07258406
-0.8340441
0.2034023
-1.049528
0.2154289
-0.7783989
0.1088612
-0.8014586
-0.08464496
-0.9322821
0.1803197
-0.9838694
0.2858241
-1.097986
0.03851099
-1.060379
0.1910995
-0.79605
0.1217213
-0.8550974
0.03074832
-0.5978279
0.07403903
-0.8413018
0.1283071
-1.017676
0.1185934
-0.9547243
0.1171212
-0.8137232
0.03335322
-0.7661012
-0.1783092
-0.9417352
-0.0224175
-0.9157314
0.17856
-0.8355674
-0.1086815
-0.7782833
-0.10965
-0.8385673
-0.02149214
-0.9703593
0.08193197
-0.7337289
-0.03990038
-0.8345146
0.00903326
-0.9117086
0.09726827
-0.820954
0.05072549
-0.8793054
-0.07059219
-0.8352732
0.154099
-0.9093789
0.1613012
-0.8506106
0.1319937
-0.6509079
0.05223811
-0.9984472
-0.01813758
-0.7386586
0.04710442
-0.9619622
0.08033812
-0.7676792
0.2670825
-0.8871537
0.1265299
-0.8801288
0.007316597
-0.6661951
-0.1403589
-0.9064116
-0.03686303
-0.9573848
-0.07453688
-0.7570031
0.02729936
-0.807747
0.05001356
-0.8865151
-0.1638908
-0.9855178
0.08680321
-0.7598542
-0.06858199
-0.7961132
-0.05405416
-0.7091283
-0.02247004
-0.6055594
-0.05902347
-0.7790744
0.1414832
-0.6300336
-0.0291654
-0.770656
-0.03432222
-0.7871534
0.1731088
-0.746733
-0.1071872
-0.6619037
-0.09118111
-1.19037
0.08869304
-0.7357351
-0.1365419
-0.6679945
0.005419792
-0.6418359
0.04067671
-0.7310658
-0.2245962
-1.06102
0.0136087
-0.9185161
-0.07067366
-0.808724
-0.1290303
-0.54693
0.01604353
-0.6813564
-0.02311233
-0.7266979
0.116184
-0.7779768
-0.06293603
-0.4503692
-0.2842453
-0.9101342
0.03672692
-0.8026823
-0.1530197
-0.6544233
-0.0894328
-0.8604102
0.2850444
-0.8594564
-0.2108682
-0.5736068
-0.04902037
-0.7789807
-0.04807564
-0.6880996
0.1101979
-0.8613132
-0.02305583
-0.7452586
0.1616516
-0.9427093
0.0008233237
-0.8149733
-0.1964749
-0.8806623
-0.1321808
-0.8474116
0.09009154
-0.6150724
-0.2076507
-0.8686299
-0.1267629
-0.6691783
0.1084323
-0.7645079
-0.1846902
-0.9404748
0.03953866
-0.7089831
0.1622877
-0.7670301
-0.04827999
-0.5048637
-0.2849727
-0.7036647
-0.08789936
-0.7661848
-0.03313177
-0.715157
-0.09028589
-0.6532761
0.03020094
-0.8026831
0.05048884
-0.9979931
0.2513997
-0.6676964
0.05648189
-0.5884088
-0.115203
-0.7891769
0.1709015
-0.6888145
0.1609947
-0.4818044
-0.2498876
-0.6657436
-0.2351921
-0.6778816
-0.01296362
-0.60889
-0.1701389
-0.553973
-0.1691762
-0.8736361
-0.0685992
-0.753087
-0.2922148
-0.7607055
-0.009704213
-0.6590053
-0.1001067
-0.7050328
-0.166472
-0.7110005
-0.03550733
-0.6996889
-0.2045678
-0.8541742
0.1496282
-0.6874417
0.05590819
-0.939079
-0.152132
-0.5437839
-0.06064618
-0.7224098
-0.1207579
-0.7394452
-0.1581832
-0.9173293
0.1275498
-0.6869853
-0.04394757
-0.6500241
-0.3003462
-0.5512503
-0.01580938
-0.4674341
0.009898665
-0.6253024
-0.1663217
-0.4845446
-0.1502551
-0.601204
-0.1206798
-0.7581672
0.09433331
-0.699959
-0.1791545
-0.7610028
-0.2884781
-0.5978749
-0.1368285
-0.5361352
-0.01034662
-0.7542804
-0.1807103
-0.4885591
-0.04795864
-0.6003533
-0.00940775
-0.8018781
-0.006158751
-0.949977
-0.07062982
-0.5798272
-0.1811182
-0.6286977
-0.07702249
-0.5258563
-0.1074146
-0.587476
-0.0695096
-0.6744618
-0.1077848
-0.5269688
-0.4062601
-0.7603984
-0.1333132
-0.7723653
-0.06362563
-0.5573312
-0.1703916
-0.6815909
-0.2426283
-0.7951149
-0.1941835
-0.6582099
-0.2418666
-0.7113296
-0.006066699
-0.6297365
-0.1935832
-0.7295051
-0.01092831
-0.7331241
-0.07548602
-0.478661
-0.1100204
-0.502851
-0.07987882
-0.5611408
-0.1507245
-0.5801722
-0.06572668
-0.4847666
-0.07339527
-0.6796184
-0.1025832
-0.4593573
-0.4045702
-0.486733
-0.1518531
-0.481819
-0.2495377
-0.7033446
-0.1880734
-0.5826223
-0.2393566
-0.706046
-0.04364531
-0.4406532
-0.3014039
-0.3932828
-0.2822427
-0.6700534
-0.1746907
-0.5869502
-0.1964625
-0.4745943
-0.1226784
-0.5194656
-0.05419603
-0.7987143
0.04424267
-0.5951657
-0.09816919
-0.4785544
-0.3930832
-0.2240733
-0.2664513
-0.530443
-0.2570485
-0.4313784
-0.1469365
-0.471883
0.124489
-0.6468241
-0.04551402
-0.5050392
0.02835204
-0.5032464
-0.09339895
-0.7537029
0.007630328
-0.5912376
-0.3144507
-0.6045029
-0.1864061
-0.6975135
-0.1424661
-0.6473418
-0.187194
-0.5375699
-0.06293059
-0.6301594
-0.1582701
-0.3223648
-0.2917608
-0.6645792
-0.3128055
-0.5116506
0.06196623
-0.5331523
-0.2197783
-0.7719127
-0.2736889
-0.5056117
-0.1470993
-0.6426384
-0.07206586
-0.4508429
-0.1115939
-0.3883239
-0.5120698
-0.4666142
-0.1175884
-0.400966
-0.347442
-0.7268736
0.01984283
-0.6135871
-0.2749529
-0.5991116
-0.1308704
-0.4197725
-0.2885551
-0.5887592
-0.03029368
-0.4795687
-0.2816433
-0.663897
-0.2417678
-0.3802888
-0.2051428
-0.5895593
-0.09478399
-0.4011834
-0.179626
-0.7026151
-0.1430779
-0.5379009
-0.09470968
-0.3911153
-0.02727965
-0.1999726
-0.1383332
-0.4682373
-0.2917469
-0.6540356
-0.2689277
-0.4925344
-0.1907577
-0.841616
-0.2237322
-0.4856054
-0.2271153
-0.4778055
-0.09721798
-0.524865
-0.1826727
-0.3177842
-0.1369289
-0.5097595
-0.1226771
-0.3886072
-0.1943956
-0.559963
-0.1388229
-0.7447773
-0.02771731
-0.5916224
-0.002239603
-0.437772
-0.2929014
-0.2807983
-0.11665
-0.5592695
-0.1528821
-0.4926068
-0.1524517
-0.4825647
-0.1640511
-0.6988119
-0.3250357
-0.3661413
-0.1468286
-0.4597282
-0.3555759
-0.4776664
-0.2605982
-0.5438552
-0.4634755
-0.4419815
0.1046725
-0.2630355
-0.1498268
-0.2591684
-0.3551722
-0.5794083
-0.1305531
-0.573855
-0.07488278
-0.4704551
-0.04302431
-0.5498989
-0.2297281
-0.4606942
-0.1889198
-0.1742871
-0.2607537
-0.5098975
-0.3415115
-0.4187376
-0.2975387
-0.6870196
-0.23523
-0.5929775
-0.4059767
-0.4977152
-0.1934117
-0.4517604
-0.2715101
-0.4607702
-0.1740112
-0.4951762
-0.1938605
-0.7419283
-0.1271577
-0.4255993
-0.1465936
-0.4611703
-0.2348681
-0.281039
-0.4823042
-0.4491294
-0.1965229
-0.6215509
-0.2639372
-0.4659347
-0.3987123
-0.7636337
-0.1908947
-0.3720085
-0.121005
-0.4348469
-0.06891643
-0.09101696
-0.0651264
-0.316541
-0.2244317
-0.4825702
-0.1486826
-0.5031503
-0.2304948
-0.0276596
-0.3237732
-0.5032903
-0.1273657
-0.5089735
-0.6237645
-0.3205804
-0.1423588
-0.6180282
-0.2419437
-0.6350836
-0.009370362
-0.5213964
-0.004050788
-0.4366625
-0.2530448
-0.2909026
-0.1423926
-0.4164847
-0.0540211
-0.5170011
-0.08314685
-0.2872146
0.05154836
-0.6599064
-0.1299304
-0.3808106
-0.3834396
-0.6042672
-0.1842597
-0.165514
-0.06891049
-0.3665636
-0.10354
-0.3090608
-0.4277136
-0.7359043
-0.1085675
-0.5932398
-0.2961779
-0.4113685
-0.2702584
-0.341756
-0.2743192
-0.325587
-0.1506791
-0.4769109
-0.123922
-0.3238826
-0.161823
-0.5220292
-0.2000997
-0.1378858
-0.214288
-0.2731938
-0.3313331
-0.475765
-0.07943727
-0.2136816
-0.2811845
-0.3877049
-0.1271835
-0.3341272
-0.1620958
-0.5713726
-0.06653294
-0.3477081
-0.08563563
-0.6517012
-0.2172995
-0.5926893
-0.09659261
-0.4323588
-0.2295263
-0.4151698
-0.2131747
-0.1076232
-0.336618
-0.1173248
-0.07225836
-0.4749497
-0.105763
-0.3520277
-0.2142429
-0.3477947
-0.01354278
-0.3189121
-0.1636963
-0.1438721
-0.2273798
-0.4980565
-0.02414089
-0.471964
-0.1672243
-0.2369236
-0.2071577
-0.2921678
-0.1931921
-0.3801563
-0.1805872
-0.5783011
-0.3315865
-0.1798381
0.1564516
-0.2919871
-0.3396452
-0.4776433
-0.08556665
-0.65813
-0.1390204
-0.3853205
-0.1724993
-0.3191526
-0.1336374
-0.02602236
-0.3162814
-0.1347938
-0.2156957
-0.295372
-0.2920395
-0.4118553
-0.00187442
-0.597532
0.04082977
-0.4153109
-0.2355055
-0.06616899
-0.1326025
-0.325337
-0.09377421
-0.1656687
-0.4283779
-0.5332683
0.03489836
-0.267805
-0.2820698
-0.388228
-0.1493274
-0.3085522
-0.1650528
-0.6009328
-0.2037218
-0.2003081
-0.2659315
-0.3949871
-0.3202225
-0.1759781
-0.5270951
-0.3894487
-0.3261344
-0.42254
-0.1250678
-0.2018845
-0.1053414
-0.3185166
-0.09225848
-0.2216942
-0.2487378
-0.2495235
0.07747766
0.01267131
-0.329275
-0.6177015
-0.07142077
-0.3366307
-0.2234524
-0.3952014
-0.3635365
-0.2496161
-0.1571062
-0.3110363
-0.2230795
-0.08708891
-0.2351649
-0.09875462
-0.1986205
-0.3127012
-0.2918051
-0.4422595
-0.1358619
-0.563172
-0.08966715
0.06724965
0.008929074
-0.2721046
-0.1776898
-0.3999231
-0.2572371
-0.385043
-0.03753344
-0.3011873
-0.3248804
-0.2756476
-0.0671366
-0.2893271
-0.08738177
-0.2100291
-0.5447866
-0.336354
-0.367928
-0.1334948
-0.1255549
-0.4345207
-0.07459887
-0.2529304
-0.2948701
-0.3059302
0.1169314
-0.1232303
-0.2912804
-0.3218397
-0.09718019
-0.3626749
0.1341601
-0.2055763
-0.4144184
-0.2693737
-0.1493879
-0.5634494
-0.1416546
-0.2548577
-0.1968509
-0.1844808
0.06148766
-0.06964658
-0.02788263
-0.1181659
-0.2318487
-0.2055863
-0.2176979
-0.3164883
-0.1387436
-0.2474051
-0.3933159
-0.3172536
-0.06270138
-0.3494781
-0.2727452
-0.1903689
0.04799537
-0.09755795
-0.1146757
-0.126162
-0.1526503
-0.1410944
-0.2257282
-0.1820164
-0.2110364
-0.230981
-0.05060838
-0.4508464
-0.0936399
-0.2909381
-0.1815063
-0.5187382
-0.1134539
-0.568504
-0.1922557
-0.2449836
-0.2582821
-0.08296901
-0.162805
-0.4033177
-0.1612677
-0.3369401
-0.06000497
-0.3143617
-0.1252382
-0.1961717
-0.2173726
-0.4496911
-0.09807755
-0.4555468
-0.193504
-0.100563
-0.2982652
-0.1696198
-0.05423046
-0.281037
-0.02634406
-0.2835003
-0.1984548
-0.1754621
-0.143825
-0.1018993
-0.03220326
-0.1682982
-0.1569101
-0.03526351
-0.4469754
-0.1692008
-0.2808918
-0.2082234
-0.04782984
-0.3828471
-0.09238674
0.03051411
-0.2668006
-0.3790894
-0.09013404
-0.4489843
-0.1197125
-0.1059454
-0.3786115
-0.2375296
-0.28903
-0.1486642
-0.162149
-0.3051521
-0.39807
-0.2665262
0.2206662
0.03428686
-0.3510943
-0.2496419
-0.4118746
-0.08391743
-0.02004441
-0.0003761716
-0.06361068
-0.1836399
0.3320988
-0.08486676
-0.388156
-0.1374312
-0.1983172
-0.5555066
-0.09912862
-0.05606088
-0.2505703
-0.1495496
0.01367295
-0.2872592
-0.09404871
0.04103286
-0.007973872
-0.3701346
-0.02565093
-0.3151976
-0.1693657
-0.2596498
-0.04636436
-0.4367005
-0.04472979
-0.06297513
-0.09668288
-0.2429168
-0.1128859
0.1108135
-0.1526329
-0.2488338
-0.2346966
-0.2541765
-0.1759563
-0.2177032
0.03697358
-0.145406
-0.1923921
-0.107562
-0.3418214
-0.03255637
-0.1715529
-0.3116719
-0.1952085
-0.2684453
0.2017475
-0.2744011
-0.1311796
-0.01317013
-0.1625923
-0.2579498
-0.2257781
-0.06319951
0.1061312
-0.269937
0.1740899
0.1252804
-0.4205998
-0.1019677
-0.212332
-0.3167729
0.02346515
-0.02142588
0.01638712
-0.1029833
-0.2327167
-0.5079743
-0.3340322
-0.2435811
-0.122119
-0.2174404
-0.1086751
-0.2073953
-0.2813547
-0.1400489
-0.2173048
-0.3285633
-0.1785742
0.0519543
-0.2403453
-0.1636936
-0.004706328
-0.1331882
0.03514571
-0.08686033
-0.2789602
-0.2541271
-0.2317695
-0.270233
0.1149386
-0.1432387
-0.07183725
-0.3053202
-0.07975323
-0.2891203
-0.1878014
-0.2759561
-0.1449253
-0.03075337
-0.4068785
-0.07578327
-0.07245111
-0.2594827
-0.3255021
-0.2394249
-0.01763587
-0.1481451
-0.1642537
-0.1457343
0.1019742
-0.2727228
-0.1349669
-0.3183928
-0.2943892
-0.23411
-0.1396568
-0.1398692
0.006348422
-0.1705881
0.07224839
0.07048743
-0.08700828
-0.2652834
-0.2713697
-0.1280557
-0.343936
-0.2681751
-0.1526415
-0.2638938
-0.2672451
-0.04979125
-0.04544011
-0.05203035
-0.2040921
-0.1002814
-0.1249192
-0.1251084
-0.3323913
0.03758344
-0.1478626
0.04560004
-0.01390571
-0.07043383
-0.3167273
-0.1153245
-0.4141077
0.01301263
-0.315451
-0.05099799
-0.04052237
-0.4082274
-0.4070326
-0.1398444
-0.09142131
-0.1494462
-0.1869896
-0.06374843
0.07109478
-0.03965403
-0.3499059
-0.02913449
-0.1349055
-0.1583534
-0.02786229
0.01086892
-0.2194753
-0.2211012
-0.05107473
-0.00663423
-0.2367456
-0.3414285
-0.1402925
-0.03463094
-0.1503371
-0.08913565
-0.1470393
-0.0646712
-0.01744652
-0.06585013
-0.3531316
0.0703012
0.1061294
-0.2297995
0.1147601
0.02641009
-0.1499733
-0.2134367
-0.06315636
-0.01429842
-0.02901005
0.04768453
-0.2899893
-0.0099549
-0.1021462
-0.188003
-0.07582695
-0.1200194
-0.2869734
0.1018605
0.02010087
-0.02870446
-0.003903642
-0.2899351
-0.04195599
-0.3097806
-0.1512172
-0.1034864
-0.21914
0.0001518767
-0.2854469
-0.1881377
-0.009429807
-0.2160028
-0.1687253
-0.1909325
0.03129078
-0.1600988
-0.2795253
-0.1759295
-0.1903128
-0.2008159
-0.1568927
-0.1667679
0.02065259
-0.2441859
0.05326192
-0.23265
-0.3847272
0.009566491
-0.07490775
-0.05747695
-0.1395159
-0.05006067
-0.1935869
-0.202394
-0.3421745
-0.1556835
-0.072805
0.1186652
-0.02281735
-0.1494062
-0.2865205
-0.08834749
-0.2602201
0.04831957
-0.04778767
-0.2138987
-0.05283497
0.04393394
-0.3092058
-0.1779034
-0.1493566
-0.2632705
0.02430841
-0.01421199
-0.07517773
-0.1945222
-0.1703545
-0.09904334
-0.1826649
-0.291384
-0.1295681
-0.358364
0.05014536
-0.1330718
-0.2225497
-0.2537847
-0.2481562
0.1779156
-0.3052373
-0.1759117
-0.2899463
-0.1462068
0.06261595
-0.1632725
0.04563925
-0.1856205
-0.2648908
0.001819103
-0.1399745
0.08208552
-0.3726632
-0.5047417
-0.008983935
-0.02277732
-0.429276
-0.1154713
0.01526467
-0.09376311
-0.05364386
-0.09744275
-0.4089554
-0.1008957
-0.212445
-0.1851587
-0.06395138
-0.2505152
0.02565935
-0.199911
0.06176185
-0.02816485
-0.0714996
-0.1078624
0.268664
0.02726504
0.04117812
-0.0662947
-0.4051583
-0.06241194
-0.2260992
0.2412552
-0.2106318
-0.08014582
-0.01495423
-0.2102853
-0.1286515
0.2771475
-0.1671659
0.05375463
-0.1139479
0.07453148
-0.002072655
-0.2100835
-0.1247827
0.1571878
-0.1065004
0.04757273
-0.1390449
0.06322856
0.0001693225
-0.08878325
0.02311062
-0.03998709
0.1554547
-0.1871884
-0.1089586
0.006601015
-0.1128935
-0.2279146
-0.08239134
-0.3457465
0.02594235
0.2113258
-0.3328751
-0.07023773
0.04319257
0.08255553
-0.4381808
-0.1181705
-0.07640802
-0.002215909
-0.1434876
-0.2075292
-0.1744068
-0.01541396
0.03782529
-0.1149703
0.06897362
-0.1416118
-0.2880701
-0.04208895
0.1212731
0.06462952
-0.1270531
-0.09754515
-0.01833227
-0.4651299
-0.2080958
-0.274474
-0.01253917
-0.2477379
-0.2077062
-0.0545114
0.03676903
0.09081607
-0.1798291
-0.00457485
-0.09433651
-0.2015077
-0.09138072
-0.02953622
-0.1159143
-0.3837188
-0.1909144
-0.1176156
0.1319679
-0.2929135
-0.1709206
0.05265579
-0.1239708
0.3402677
0.02223569
0.05153398
-0.2588314
0.03221495
-0.001450405
0.1034459
-0.1843816
-0.1725886
-0.04785211
0.1820319
-0.04939695
-0.04312463
-0.2231755
-0.2195601
-0.3081009
0.05220332
-0.4084591
-0.0183123
-0.228847
0.256007
-0.1933841
-0.2865409
-0.178881
-0.0660252
-0.136416
0.2236461
-0.4969779
-0.4082651
0.08639989
-0.009622899
-0.004682071
-0.2123061
-0.2638719
-0.07805885
-0.109748
-0.2928579
-0.2775247
-0.110189
-0.04027818
-0.05422385
0.265759
0.0836129
0.1186933
-0.0006500225
-0.1237477
-0.1668258
0.1708884
0.1274939
-0.2554118
-0.1415133
-0.008752332
-0.07360618
-0.04162313
-0.1982898
0.08788241
-0.3552331
-0.1974361
-0.1341581
-0.0321355
-0.4174658
-0.2476156
0.03504069
-0.1105084
-0.2533827
-0.09440885
-0.1988396
-0.190391
-0.1294556
0.0218197
0.006082222
-0.09199198
-0.06751161
-0.3928227
-0.0003150454
0.1225497
-0.2447164
0.03539915
-0.06629962
-0.04369091
0.09540202
-0.01832748
-0.2008078
-0.2453193
0.06073639
0.1356088
0.254672
-0.191065
-0.3545924
0.1170714
-0.09921516
-0.255982
0.03101883
-0.1372503
-0.1740285
0.2105057
-0.03618972
-0.06732161
-0.09879051
-0.1085828
-0.1049291
-0.2086697
-0.2806124
0.03264205
-0.03935299
-0.09635557
0.1290784
-0.1613206
-0.02127122
-0.1497418
0.1703321
0.02946429
-0.05931774
-0.0280449
-0.3721699
-0.3109823
0.2212905
0.3823345
-0.03154118
-0.06459531
0.04405771
-0.4295376
-0.02191561
-0.02719032
-0.3612815
-0.1702004
-0.008343673
-0.05953369
0.04768645
-0.09611899
-0.1331707
-0.03368549
0.008087217
-0.01091086
-0.3532395
0.1199318
-0.2881883
-0.2286808
-0.04459103
-0.4547144
-0.195329
-0.183262
-0.108357
-0.2811255
-0.3239916
-0.1763941
-0.1778324
-0.1292224
-0.1740043
-0.0005889719
-0.02077207
0.2379733
-0.1819946
-0.01134124
0.1145685
-0.1773039
-0.03247745
-0.1688886
0.0907336
-0.2644534
-0.3897047
-0.004397851
-0.5096766
-0.4047333
-0.1310421
-0.05486453
-0.2265955
-0.2893242
-0.1100584
-0.1836674
-0.1319213
-0.2534342
-0.3418171
-0.1904351
0.05492032
0.0008387986
-0.2985778
-0.4596393
-0.09635991
0.2893676
-0.2508908
-0.1000945
-0.04595502
0.06356281
-0.1534285
-0.1969374
0.0795586
0.09837043
-0.1088197
-0.1857532
0.1499858
-0.08534946
0.07264093
0.02512785
-0.1240201
-0.08744817
0.2448412
-0.4119144
0.2615193
-0.3964488
-0.2448151
0.579785
-0.07673223
-0.2461443
0.438132
0.05778993
-0.004694177
0.07871722
-0.2879938
-0.3603218
-0.09070668
-0.1420058
-0.03792335
0.04074302
-0.3007085
0.09289211
0.006901461
0.1416782
0.02863481
0.3608581
-0.1661361
-0.3514442
-0.0447678
0.1972698
-0.1352964
-0.06733286
0.070515
0.03581322
0.008645826
-0.2509338
-0.06945719
0.2859554
0.05782489
-0.1055131
0.1694074
-0.1549324
-0.03316522
0.1341268
-0.01070782
-0.04188406
-0.1725281
0.02301996
-0.523634
0.04335275
0.2423071
-0.1210989
-0.06494157
-0.1327362
-0.1511727
-0.05511687
0.01078255
-0.08648606
0.1604823
0.04925133
-0.04792588
-0.04931756
0.02048296
-0.03002708
0.01476933
0.01728235
-0.0026013
-0.01448258
-0.02066684
