3800
0
10000
0
3.918684e-05
4.553293e-05
0.05260222
-0.07255663
-0.1173395
-0.1328006
0.09620381
0.263117
0.1047255
-0.3525443
0.4968885
-0.5302664
-0.07699668
0.6174504
-0.7122348
0.33972
-0.5193004
0.3603089
-0.3088031
-0.1225611
-0.4811351
0.4847383
-0.4881265
-0.1660549
0.3533165
-0.7952895
0.6307104
-0.1064049
-0.3934883
0.4094101
0.18413
0.2592362
-0.4382713
-0.4326532
0.01578009
0.2743095
-0.7886644
0.789848
-0.3633807
-1.355851
-0.6551514
0.2226719
0.198165
-0.1925853
-0.1623158
-0.7566404
0.3806606
-0.2099743
-0.5014375
0.3418703
-0.2672646
-0.2665903
-0.3099303
-0.8672581
0.08696029
0.2946326
0.05976555
0.6383075
0.06498144
0.1472204
-0.4146416
0.1709538
0.05603023
-0.5512554
0.2602623
0.3217077
-0.6395454
-0.6201094
0.2598526
0.3133062
-0.1041285
-0.5301009
-0.1838533
-0.1338034
-0.2926036
0.001079811
-0.4958122
-0.01897396
0.05305684
0.1239721
-0.3334468
-0.04402833
0.1761876
-0.05418751
-0.3535159
0.09889837
-0.336271
0.2740186
0.1527229
-0.3633356
-0.1652625
-0.3608633
0.3733346
0.1922854
-0.1865059
-0.1020042
-0.1625414
0.4833664
-0.4525426
0.1157794
-0.5444093
-0.056717
-0.2173469
-0.09950095
-0.261252
-0.4229692
0.1990705
0.1477521
0.1182023
0.2597266
-0.1502432
-0.0677714
-0.07460458
0.1035179
-0.1470743
0.002311442
-0.06715726
0.1267218
-0.1661869
-0.3742251
-0.6217456
0.1001766
-0.1706254
-0.09018783
-0.1413413
-0.1825819
-0.1139101
-0.2287664
-0.06471641
0.2373251
0.2476199
-0.1882203
-0.3524303
0.1228424
-0.4927035
-0.1043934
-0.2030472
-0.1041711
-0.2133203
0.1663886
-0.1949605
-0.1275792
-0.1845395
-0.09746011
-0.05549804
-0.1889227
-0.146558
0.2014127
-0.2431858
0.161362
-0.1460642
0.2957431
-0.1474788
-0.1483428
-0.4037263
-0.1783594
-0.3651797
0.008751018
-0.1722751
0.09164037
-0.2950293
-0.0002215285
-0.09390697
-0.1252073
-0.02226167
0.2537425
0.01441359
-0.1642985
-0.4585684
-0.1968835
-0.1966599
-0.1228674
-0.2268348
-0.1266163
-0.04201431
-0.07365008
-0.315168
0.06466413
-0.04585602
-0.2647738
0.04609257
0.04260365
0.01695216
-0.1779972
-0.331221
0.2143127
-0.08275894
-0.09147161
-0.2672422
0.09272203
-0.1990013
-0.1212034
-0.3676665
-0.0008408775
-0.1420509
-0.07028914
-0.3565546
-0.09504252
0.04641357
0.02291228
-0.2045277
0.168569
-0.2245488
-0.134418
0.05423415
-0.01236012
-0.3397328
-0.2788997
-0.3841349
-0.1706055
-0.2012314
0.06102818
0.08993454
0.3116243
-0.2548764
0.03531274
-0.3864
-0.02031433
-0.3772615
-0.214218
-0.1392996
-0.1078582
-0.07618558
-0.004111381
-0.2851218
-0.2263381
0.1187091
0.007487987
-0.05771424
0.05695197
-0.0704013
-0.2065677
-0.2727267
0.1176551
-0.04221421
-0.1047976
-0.2848611
0.1741501
-0.4712361
0.1615208
-0.4642365
-0.1236738
-0.2394648
-0.2225082
-0.1976292
-0.03098679
-0.3794522
-0.1817006
-0.193422
-0.2074686
-0.04914312
-0.06307369
0.02627178
0.06553586
-0.1900891
-0.09871811
-0.02118089
-0.2360047
-0.4348111
0.03563707
-0.05290391
-0.05092316
0.04598832
-0.1624297
-0.2885696
-0.1242431
-0.3266584
-0.06457543
-0.0496568
-0.1004719
-0.2475221
-0.1594702
-0.5177229
-0.175021
-0.2895257
-0.03954823
-0.2344698
0.04389426
-0.04542172
-0.02697124
-0.282564
-0.01750046
-0.4506463
0.1719656
-0.1857546
-0.3046199
-0.1119185
-0.1813952
0.03571301
-0.137072
-0.2904794
-0.003732946
-0.2437336
0.005889454
-0.1173012
-0.1284972
-0.399329
0.02498388
-0.2917218
-0.1303382
-0.05143958
-0.1660362
0.09024755
0.2081265
-0.08083915
-0.02281787
-0.3391473
-0.141017
-0.1418747
-0.07223259
-0.0722893
-0.103484
-0.1808396
-0.2185731
-0.4077159
-0.03264748
0.1503054
-0.04733066
-0.2441043
0.009876118
-0.3407071
0.0233397
-0.01203598
0.07789627
-0.1849262
-0.09485076
-0.006670811
0.05725152
-0.0250572
-0.1226455
-0.152821
-0.05813852
0.0395389
0.06450333
0.01010465
-0.1815859
-0.3847219
0.01104141
-0.0526236
-0.1534012
-0.3243659
0.153621
-0.06159254
0.05700901
-0.0005076104
-0.4114229
-0.05082714
-0.00386808
-0.2512794
0.01454017
-0.1394348
0.2573863
-0.3361354
-0.07165024
-0.4805078
-0.08269867
-0.1335623
-0.245895
-0.2028822
-0.189592
0.04281565
0.131573
-0.2089123
-0.05547772
-0.2067677
0.0004567981
-0.1840816
-0.04347607
-0.1911136
-0.09332997
-0.06207759
-0.1188587
-0.3678336
-0.3123435
-0.2122906
-0.004020443
-0.09841879
-0.02685284
-0.3483165
0.1695059
-0.07720307
0.05784997
-0.05825179
0.2438226
-0.09104197
-0.002534374
-0.3872748
-0.1362048
-0.05785619
0.1765566
-0.05865211
-0.2398325
-0.1419424
0.05353398
-0.2210797
0.09278898
-0.203364
0.0844783
-0.3812647
-0.03858222
-0.01090239
-0.1050177
0.04137773
0.1489606
-0.2811
-0.2318767
-0.2735112
0.2296233
0.07571861
-0.03371776
-0.2363037
0.04007749
-0.08670242
0.174385
-0.09932657
-0.1330845
-0.2541626
0.1682073
-0.1861392
-0.1192399
-0.2103796
0.04948303
-0.459662
-0.02255543
-0.2489242
-0.05939541
-0.03526548
-0.1423234
-0.1830771
0.1678054
-0.4499467
-0.1170818
-0.07640782
-0.1655904
-0.3189153
-0.1175409
-0.1836064
0.1463662
-0.1168456
-0.1347101
-0.3470134
0.2780745
-0.2727993
-0.2008286
-0.2153022
0.1023792
-0.2673173
-0.07703731
-0.1046882
-0.06313837
-0.1972949
0.4343532
-0.06401547
-0.3539024
-0.01829071
0.116295
-0.2121289
-0.0932128
-0.1477358
0.02222688
-0.2621272
0.09185528
-0.2107896
-0.1348698
-0.3620369
0.05564611
-0.2196139
-0.2015351
-0.2583463
-6.134219e-05
-0.2257692
-0.1885331
-0.2236862
-0.3171335
-0.4891219
0.3475365
-0.3672655
-0.2375895
-0.3457682
-0.09217687
-0.3539077
-0.06063316
-0.3633035
-0.5112755
-0.2712926
-0.04941946
-0.2758092
-0.2197261
-0.1903622
-0.2278601
-0.2852216
-0.06816421
-0.06329811
0.09015306
-0.3415801
0.04997429
-0.1806314
0.2947799
-0.2046053
0.08644205
-0.4870975
0.1174282
-0.1810143
-0.11821
-0.2261369
0.1161373
-0.2868946
0.09069473
-0.3369194
-0.1026511
-0.09798384
0.09699206
-0.2762009
-0.00416025
-0.2495165
0.06386115
-0.2171346
0.02563213
-0.220421
0.01636943
-0.3476282
-0.0687221
-0.02942027
-0.04917948
-0.5799051
0.07612402
-0.1798444
-0.2397881
0.06782207
0.03800886
-0.5272998
0.1613842
-0.2664142
-0.1695032
-0.3368247
0.101136
-0.2905267
-0.1171449
-0.3581444
0.006558935
-0.2616957
-0.1548939
-0.4726105
0.02670041
-0.1751428
-0.02667771
-0.109339
-0.1312194
-0.348432
-0.2121494
-0.1599891
-0.01075589
-0.04496238
-0.1017933
-0.4638962
0.07144868
-0.4365398
-0.4723096
-0.07863106
0.02007403
-0.2375422
0.1928782
-0.4435286
0.07189026
-0.090887
-0.0702508
-0.189772
-0.1240088
0.05248625
-0.1587989
-0.4996428
-0.1337529
-0.5711234
0.2057235
-0.5128594
0.07467494
-0.1591898
-0.01185523
-0.1971804
-0.0650063
-0.1601965
-0.0455662
-0.3722374
-0.08238571
-0.5362785
-0.2473493
-0.2625191
-0.005731803
-0.3473901
0.1992606
-0.6318141
-0.07690232
-0.1967695
0.004917408
-0.316617
0.3774651
-0.443973
-0.1807203
-0.3091587
-0.03399287
-0.2001318
-0.01821473
-0.0576871
0.1122882
-0.306335
-0.08221686
-0.1865746
-0.0340804
-0.3417523
-0.2208667
-0.3705689
0.04276791
-0.1076721
0.00190465
-0.5486737
0.06239886
-0.1643653
0.01013503
-0.4502867
0.1186478
-0.3862919
-0.06456962
-0.3167284
-0.2166596
-0.4433077
-0.09817328
-0.3068764
-0.05906402
-0.4534216
0.007184791
-0.479966
-0.148768
-0.3933377
0.1518391
-0.4227912
0.08463755
-0.3350011
0.05180576
-0.2261602
-0.01029715
-0.6172294
0.009305648
-0.3467704
-0.05919879
-0.3806138
0.2092723
-0.06490315
-0.1329043
-0.4345358
0.05704947
-0.3680712
-0.1219718
-0.290401
-0.09064442
-0.2572113
0.1823153
-0.16809
0.2296554
-0.3239501
0.1437347
-0.3971547
0.1646224
-0.384778
-0.1647103
-0.1461028
0.07368806
-0.373634
0.1735677
0.02104341
-0.07958608
-0.2806686
-0.0687433
-0.4110574
0.1901724
-0.3614624
0.02787304
-0.3693038
-0.07884025
-0.2408887
0.2289986
-0.4004238
0.1736841
-0.2354355
-0.2946562
-0.376938
0.1999792
-0.3689004
0.1173975
-0.3124803
-0.1115291
-0.3261749
-0.1684472
-0.4413537
-0.1476616
-0.0867975
-0.2058523
-0.3826145
0.121737
-0.4475599
-0.1565252
-0.4154245
0.1400913
-0.2930534
0.1448526
-0.1676059
0.09756193
-0.2834624
0.02006295
0.07858902
0.1034691
-0.4188644
-0.04684215
-0.1997729
0.07279395
-0.3767285
0.2042757
-0.5043541
0.2405686
-0.1015641
-0.1560459
-0.5007444
0.003561512
-0.397234
0.2581831
-0.1996319
-0.00180133
-0.4873362
-0.05793029
-0.1087622
0.1954329
-0.2492057
0.1714407
-0.3268655
0.006373208
-0.2521586
-0.3088495
-0.1666552
0.007963415
-0.5388381
0.03659267
-0.5083901
0.02983574
-0.07964239
-0.005953752
-0.2283036
0.1113555
-0.211759
-0.1221553
-0.3344876
-0.09483936
-0.2327659
0.2029054
-0.4412369
0.154394
-0.7105464
0.3207119
-0.276682
-0.1010132
-0.3694123
-0.0168266
-0.07404102
0.03637683
-0.3459141
0.1365102
-0.4825703
-0.1056808
-0.2049806
0.2891932
-0.3817773
-0.04723355
-0.5098645
0.09576236
-0.4700823
-0.1076372
-0.353328
0.1260878
-0.3586355
0.1819714
-0.4939258
-0.09623876
-0.6338238
-0.001194995
-0.3062134
0.2695504
-0.3948262
0.2108613
-0.6360919
-0.006598503
-0.1884796
0.02779772
-0.4117227
-0.002837919
-0.172061
-0.040362
-0.3979233
0.06654921
-0.2128213
-0.01863709
-0.4028804
0.2179945
-0.5130189
0.1067673
-0.3613427
0.05791884
-0.2113095
-0.04214205
-0.4384199
0.1800558
-0.3075866
-0.1950105
-0.3506675
0.1020488
-0.3419627
-0.1609131
-0.2269984
0.01568049
-0.2106318
0.07758454
-0.5049113
0.2449287
-0.4555436
0.0001911985
-0.3931311
-0.09944304
-0.329783
0.05390029
-0.5697592
0.03724935
-0.3958194
-0.05157937
-0.3852482
-0.09317062
-0.244793
0.2216998
-0.4507912
0.3440481
-0.3804727
0.1462198
-0.7010128
-0.09315069
-0.3101885
0.01214123
-0.3821454
-0.02508052
-0.3580706
0.4613706
-0.5607871
0.3624852
-0.5024332
-0.1571812
-0.2799168
0.06567093
-0.5759877
0.2404979
-0.3764057
-0.04612752
-0.5166963
-0.165275
-0.1381557
0.1156581
-0.5380718
0.1678703
-0.4785269
0.3538449
-0.5201717
0.1630053
-0.3324145
-0.123867
-0.3138902
0.04035043
-0.2505783
0.1591947
-0.4189821
0.3307692
-0.3355613
-0.03134551
-0.561911
0.15216
-0.06007515
0.1057522
-0.4559161
-0.01247361
-0.3459483
0.09214403
-0.3812201
0.2811767
-0.333918
-0.09844851
-0.5647478
0.2516713
-0.5036766
0.1644777
-0.5897656
0.3104813
-0.2013164
0.09108158
-0.5735175
0.08797406
-0.5950404
0.06456157
-0.4306373
0.2756202
-0.4088713
-0.08220515
-0.2428984
0.00668371
-0.4389253
0.2463906
-0.4783008
0.07732452
-0.2048907
0.3423778
-0.2662862
0.1005161
-0.6730699
-0.06324521
-0.4768262
0.08596623
-0.259444
-0.03260799
-0.4724066
0.2019018
-0.7650689
0.07297384
-0.5768182
-0.1915355
-0.3344127
-0.1735225
-0.2088414
0.1793854
-0.2886588
0.07548772
-0.7256582
0.1692159
-0.5775837
-0.09431627
-0.5563667
0.2279349
-0.2607147
0.163452
-0.3000099
0.3447317
-0.6446552
0.1763907
-0.2982521
0.1159201
-0.5761446
0.1514558
-0.4609253
0.3280548
-0.6458839
0.2246857
-0.5018157
-0.1169305
-0.6189466
0.1669677
-0.2764474
0.2232644
-0.4622473
0.1237706
-0.3721269
0.08279225
-0.4802629
0.2493888
-0.6910002
0.2398371
-0.662377
-0.04969738
-0.4046092
0.1256447
-0.5362018
0.4030082
-0.1654371
0.2496357
-0.5544436
0.052616
-0.4408421
0.2226491
-0.5729983
0.2849284
-0.4310479
0.1063491
-0.5636766
0.2665684
-0.4594695
0.2436863
-0.7788845
0.2193964
-0.3592314
0.3006998
-0.5860882
0.254465
-0.5074831
0.3742368
-0.4075058
0.1370083
-0.7739161
0.3131492
-0.5373117
-0.01285558
-0.4103771
0.08184192
-0.5449181
0.1569171
-0.5320686
0.223984
-0.5018575
-0.08727441
-0.4322176
0.07255495
-0.5202348
0.5903551
-0.3663389
-0.09921835
-0.4282106
0.3247602
-0.5763578
0.1053073
-0.4914425
0.09224762
-0.464985
0.1435198
-0.5879637
0.2207042
-0.3872877
0.2908124
-0.7221867
0.1062592
-0.5519125
0.3041097
-0.608074
0.1446615
-0.6913679
0.09298392
-0.261021
0.3913533
-0.6991123
0.1360781
-0.4990869
0.3802905
-0.6825329
-0.01473888
-0.3108463
-0.1013383
-0.2259886
0.115431
-0.5286739
0.05424596
-0.7530425
0.1950586
-0.7289335
-0.00679542
-0.3617059
0.1148847
-0.3415859
0.295675
-0.4934638
0.396873
-0.6603575
0.3310131
-0.4308714
0.0466376
-0.6853824
0.04821791
-0.5258661
0.2786627
-0.5261828
0.05339613
-0.5264293
0.1059651
-0.4115331
0.0549267
-0.6132783
0.2122451
-0.5160513
0.323255
-0.612456
0.1416378
-0.5509081
0.3579894
-0.6082005
0.2859206
-0.4746181
0.1574701
-0.5110515
0.1786008
-0.6264986
0.4831328
-0.5076833
0.1982355
-0.5107905
0.3847237
-0.6497483
0.225125
-0.7326129
0.02919419
-0.5118626
0.3481617
-0.6326556
0.4705617
-0.5031295
0.3496121
-0.6181515
0.4132099
-0.5158153
0.3708604
-0.6969861
0.4019506
-0.694268
0.3037402
-0.5370674
0.3589849
-0.4475128
0.1146893
-0.7834435
0.3808928
-0.8142227
0.3196591
-0.5544001
0.2576852
-0.3468794
0.4447249
-0.7133418
0.5894545
-0.6400536
0.4091842
-0.5820251
0.3710197
-0.5851669
0.1393245
-0.686615
0.1967776
-0.3390938
0.2030611
-0.6816219
0.4727033
-0.5682485
0.3855837
-0.619511
0.5787188
-0.61483
0.1610422
-0.4870406
0.2573933
-0.5494261
0.4291176
-0.8196515
0.4544408
-0.4485247
0.2058092
-0.6856524
0.3469308
-0.5935603
0.5635651
-0.6955051
0.01370786
-0.5077897
0.2081884
-0.8523628
0.6583905
-0.6658343
0.1835364
-0.4123342
0.1128914
-0.3175473
0.4069524
-0.5545468
0.3264756
-0.4503281
0.5304191
-0.610507
0.5218145
-0.530551
0.1622117
-0.5659271
0.2494294
-0.5091537
0.2648918
-0.5285015
0.4497882
-0.6401601
0.4958658
-0.8270566
0.4017928
-0.5980166
0.5592434
-0.4898372
0.4163442
-0.6351454
0.3032369
-0.6123305
0.1710991
-0.6204819
0.1129786
-0.3847089
0.3054746
-0.4743106
0.02267911
-0.6858917
0.516075
-0.7470641
0.5427861
-0.5833397
0.462972
-0.4745858
0.2499708
-0.6470595
0.2347422
-0.4426574
0.48085
-0.5006961
0.5473221
-0.5837833
0.6254395
-0.5174319
0.4770618
-0.7236652
0.405347
-0.5182429
0.4933521
-0.4709237
0.3475409
-0.6162401
0.3983015
-0.5671679
0.4817728
-0.6279967
0.3211204
-0.6791026
0.3583235
-0.6229743
0.5649604
-0.6467676
0.5633186
-0.6250196
0.6692027
-0.4571004
0.4272872
-0.527415
0.2508319
-0.4689824
0.4073974
-0.5490107
0.3174152
-0.8861055
0.4631702
-0.6547882
0.4176204
-0.580999
0.220815
-0.5741706
0.5151462
-0.7693165
0.3936837
-0.5875837
0.6132556
-0.6505805
0.461007
-0.6170785
0.5922851
-0.641905
0.3292341
-0.5800365
0.4049773
-0.7331607
0.547547
-0.7308154
0.4619236
-0.463349
0.4590981
-0.5575801
0.6171731
-0.5550302
0.5176846
-0.6766883
0.422692
-0.5617301
0.5100386
-0.8072382
0.1857641
-0.5399869
0.5477915
-0.7754734
0.6057543
-0.6215562
0.6398581
-0.6869611
0.4895018
-0.5424785
0.6348984
-0.7036607
0.4900233
-0.4334589
0.6730237
-0.5490177
0.4878392
-0.8041129
0.5454797
-0.5419576
0.6724313
-0.659037
0.4424655
-0.5405621
0.4225644
-0.4401054
0.6843858
-0.6925049
0.5628079
-0.6038495
0.4822137
-0.6848931
0.6997567
-0.7340924
0.61327
-0.467736
0.4142082
-0.6710003
0.5793784
-0.3013902
0.8706637
-0.90015
0.5902146
-0.7989186
0.3810975
-0.5427446
0.6976181
-0.5497265
0.5149177
-0.7861046
0.7460497
-0.714268
0.5707603
-0.571611
0.6518273
-0.558015
0.5141551
-0.6202435
0.6975951
-0.69678
0.4977022
-0.7268013
0.8208954
-0.4011111
0.4055168
-0.5965819
0.6733068
-0.5727569
0.7448762
-0.4740325
0.7677942
-0.5453021
0.8230161
-0.5161484
0.4956096
-0.7581655
0.6025584
-0.5502849
0.5829735
-0.7049659
0.6911645
-0.6736786
0.4280498
-0.5840013
0.4378333
-0.3295694
0.4864819
-0.4696684
0.7328141
-0.4720735
0.4842314
-0.5382284
0.8160327
-0.7522479
0.8594346
-0.5554631
0.6866133
-0.5714635
0.7292952
-0.6786177
0.8362133
-0.8812444
0.4916917
-0.5903162
0.669355
-0.6437229
0.7593536
-0.7591683
0.5729545
-0.5022886
0.7208902
-0.3270068
0.7530468
-0.488903
0.6348927
-0.603197
0.6406084
-0.7772978
0.4358297
-0.5478489
0.6684855
-0.7363218
0.7132453
-0.5707284
0.6523407
-0.4853907
0.7572025
-0.6697573
0.7509761
-0.6026118
0.5805848
-0.6949083
0.6316772
-0.5182575
0.7046935
-0.5549035
0.5829299
-0.613799
0.609145
-0.5449912
0.6646196
-0.5033132
0.883513
-0.582546
0.6653284
-0.6591706
0.850228
-0.6188874
0.5650976
-0.5144295
0.7071195
-0.5008547
0.7846341
-0.5125194
0.8597852
-0.725785
0.8599911
-0.6199567
0.7507671
-0.554956
0.6072357
-0.5273035
0.9048501
-0.6496547
0.6771815
-0.5356801
0.8134704
-0.6099425
0.7599567
-0.5637679
0.7629138
-0.4751548
0.8491924
-0.520512
0.6611813
-0.4596978
0.6910118
-0.7764422
0.8664929
-0.4382469
0.9169763
-0.5604513
0.7339022
-0.5019138
0.7321346
-0.5041686
0.948898
-0.5921258
0.8466346
-0.4867924
0.7563803
-0.6908038
0.8497684
-0.6109957
0.9844787
-0.6033283
0.9436922
-0.7086281
0.8697042
-0.4023397
0.8025754
-0.4496533
0.7442543
-0.5671578
0.8197961
-0.5563394
1.010819
-0.3082623
0.8076918
-0.4230352
0.708847
-0.5935174
0.7900456
-0.6813429
1.008142
-0.4649519
0.7781362
-0.3983452
0.8092437
-0.5003165
0.7397653
-0.4113157
0.881573
-0.6306511
1.063159
-0.6434412
0.8102215
-0.4350599
0.8797036
-0.4298607
0.7835596
-0.5855392
0.9162477
-0.4635552
0.8674197
-0.4279817
0.7896726
-0.5280184
0.9825206
-0.4321782
0.9699019
-0.5132464
1.09272
-0.3542847
0.9577144
-0.6381866
0.9507288
-0.3608336
0.9610453
-0.5259642
0.8027043
-0.5066903
0.8496839
-0.3281873
1.168162
-0.4742298
0.758301
-0.4173052
0.9887106
-0.4437246
1.007823
-0.4989208
0.9136432
-0.3640449
0.9969086
-0.5285281
0.9764398
-0.5424408
0.9690073
-0.4666535
0.9260448
-0.4406655
0.792245
-0.3994962
0.9373484
-0.5288908
0.9300126
-0.6145155
0.9650131
-0.4041008
0.9662431
-0.4805696
0.9180079
-0.5549002
0.8440819
-0.3525919
0.851833
-0.3254606
1.134967
-0.5210081
1.126003
-0.5376794
1.003969
-0.3721143
0.9323307
-0.4542383
0.8272468
-0.5672022
0.9178487
-0.3035155
0.9202041
-0.39175
1.040473
-0.4668859
1.089664
-0.4258345
0.8903907
-0.4839583
0.9225721
-0.46983
0.8439689
-0.5457083
0.8786136
-0.3039569
0.8656069
-0.3415334
1.014451
-0.4007276
1.036432
-0.500281
1.035855
-0.3916116
0.8881174
-0.3501942
1.085209
-0.4279499
0.9374315
-0.5783181
0.9838799
-0.426466
1.002858
-0.2711212
0.9767555
-0.3144091
1.015149
-0.3352163
0.9418583
-0.3011361
0.8891239
-0.3517736
1.043946
-0.4210414
1.118314
-0.5346047
1.006289
-0.4620616
0.8644847
-0.4766052
0.9224344
-0.2878633
1.059871
-0.3652139
1.071534
-0.4342802
1.087837
-0.5435829
1.030402
-0.4166343
1.027887
-0.4241818
1.260981
-0.3622707
1.025683
-0.3695401
1.101898
-0.3715761
1.040189
-0.2619023
1.134912
-0.4286146
0.9982587
-0.4054677
1.016208
-0.4261454
1.096275
-0.3504277
1.077819
-0.121547
1.224388
-0.450814
0.9791088
-0.483082
0.9499986
-0.4305125
1.016243
-0.2216669
0.9553452
-0.3242251
1.011791
-0.4286147
1.029298
-0.3564674
1.05854
-0.1996541
0.9661347
-0.2700163
1.07745
-0.3587323
1.012107
-0.1678914
1.238716
-0.3427143
1.129615
-0.3683899
1.150234
-0.4293277
1.110478
-0.3118106
0.9751855
-0.1912438
0.875627
-0.279636
1.329772
-0.1315014
1.045249
-0.3184327
1.163688
-0.2653829
1.166196
-0.2567841
1.173065
-0.2388645
1.273016
-0.3830214
1.172698
-0.273626
1.138608
-0.2182567
1.082977
-0.2565001
1.190619
-0.2592325
1.036789
-0.1767645
1.172967
-0.3098099
1.153195
-0.07266562
1.36722
-0.3305915
1.221491
-0.2740853
1.047182
-0.1899542
1.185067
-0.1787014
1.166864
-0.03314577
1.055438
-0.1678668
1.134487
0.02673315
1.134437
-0.2519879
1.126525
-0.2847958
1.174988
-0.1679566
1.007095
-0.2471671
1.292791
-0.1747876
1.209252
-0.2886808
1.113366
-0.1647313
1.226334
-0.2124068
1.256519
-0.1881947
1.010104
-0.2124893
1.378302
-0.2287804
1.154183
-0.2441406
1.042499
-0.08757211
1.164854
-0.1664321
1.137742
-0.2383441
1.148957
-0.19122
1.126251
-0.1678837
1.09697
-0.05461519
1.206566
-0.1489759
1.119949
-0.1858774
1.217255
-0.1617052
1.188468
-0.2368303
1.286335
-0.1257446
1.147799
-0.2154632
1.108943
-0.2785738
1.16108
-0.04355722
1.222502
-0.03140331
1.255616
-0.08945502
1.168771
0.07015835
1.23473
-0.1364682
1.153617
-0.1228044
1.050444
-0.08770502
1.11298
-0.1016138
1.12427
-0.04608516
1.023512
-0.06340252
1.184162
-0.1895288
1.208413
0.01552595
1.266232
-0.0472715
1.297
-0.08274827
1.323917
-0.005281416
1.174841
-0.1074565
1.170635
-0.0548009
1.057963
-0.08520225
1.326292
-0.0321411
1.244337
-0.0214462
1.30318
-0.006382874
1.122119
-0.01240009
1.288431
-0.1154319
1.106221
-0.1942642
1.290382
-0.1206516
1.226413
-0.001403246
1.282637
0.01377865
1.076389
-0.08125053
1.182535
-0.04689698
1.108612
0.01898627
1.371394
-0.01846953
1.232079
-0.06837302
1.201118
-0.03059055
1.190706
-0.02815846
1.16477
-0.004900262
1.11831
-0.01201297
1.261157
0.1582093
1.268245
-0.04268283
1.170682
0.02659502
1.365073
-0.06613003
1.193345
-0.1022926
1.289177
-0.01996525
1.311736
0.1173813
1.213835
0.1163115
1.22032
0.07267405
1.13618
-0.01891118
1.261709
0.009281972
1.238194
0.03518963
1.230377
0.05326099
1.292849
0.06522608
1.197027
0.09773275
1.279146
0.1147481
1.261673
0.01057391
1.29895
0.04068182
1.12515
0.03085854
1.196741
0.06267621
1.319787
0.0615355
1.336612
0.06601135
1.260451
-0.05856001
1.209438
0.03064663
1.277978
0.0572535
1.192082
0.05754912
1.307178
-0.1067203
1.297267
0.1471494
1.138408
0.1815574
1.294168
0.07860225
1.201224
0.01824953
1.262176
0.1457817
1.225596
-0.01404848
1.116876
0.05777026
1.24449
0.1168951
1.277392
0.0864792
1.311754
0.06750146
1.283429
0.08894931
1.255369
0.06989516
1.1775
0.1213602
1.249973
0.1418588
1.13845
0.2151501
1.308113
0.0953778
1.197292
0.1675372
1.16235
0.1236803
1.327899
0.007740628
1.207965
0.3074198
1.228628
0.108624
1.203735
0.2191548
1.2669
0.1528728
1.230542
0.2227632
1.161458
0.2670646
1.200126
0.1861874
1.173127
0.1761593
1.296515
0.2554643
1.171419
0.1835073
1.208286
0.2662466
1.317476
0.2338402
1.309172
0.2275285
1.217657
0.2814406
1.286764
0.2290744
1.201713
0.2248809
1.157736
0.2358862
1.286502
0.2705159
1.275209
0.1880838
1.273415
0.3205256
1.289438
0.1270983
1.233699
0.3324623
1.289953
0.1818711
1.196523
0.2656797
1.189042
0.1527597
1.303792
0.3042042
1.245541
0.228864
1.287104
0.2523628
1.185653
0.280929
1.231972
0.3422483
1.208897
0.3131028
1.187899
0.2620557
1.272209
0.3196355
1.309581
0.2910098
1.261474
0.3309554
1.238403
0.2511124
1.257046
0.3529786
1.181868
0.2966564
1.311912
0.2849805
1.269031
0.2761661
1.232285
0.3373252
1.202378
0.3045957
1.202542
0.3991846
1.302667
0.3024262
1.219073
0.3121725
1.169004
0.3769663
1.242731
0.3520442
1.205304
0.3328224
1.236914
0.2829377
1.215021
0.3254345
1.236122
0.3122734
1.234419
0.2934316
1.153724
0.3117753
1.169984
0.3910619
1.236533
0.4294736
1.178939
0.3945447
1.183206
0.2258754
1.248539
0.3044228
1.271468
0.4253909
1.206186
0.2867344
1.198205
0.3503699
1.175833
0.2452661
1.103527
0.345421
1.24431
0.4569594
1.229072
0.4199023
1.28726
0.3488563
1.314122
0.3849704
1.203721
0.4212601
1.265089
0.3645796
1.190099
0.4606289
1.184142
0.4375405
1.163983
0.391913
1.150085
0.4242112
1.201209
0.4737453
1.26426
0.404359
1.26573
0.3963857
1.207948
0.4827178
1.209028
0.4776434
1.230563
0.4119591
1.164053
0.3986399
1.193722
0.4212212
1.288668
0.4849555
1.102599
0.4284477
1.192236
0.3841178
1.227211
0.5042674
1.202532
0.3884243
1.163315
0.5655863
1.095255
0.4251344
1.138592
0.467652
1.256088
0.5024415
1.226853
0.4676795
1.185836
0.4426405
1.213759
0.4535433
1.232007
0.3913507
1.164369
0.4393204
1.130833
0.4011083
1.075149
0.5559703
1.168978
0.5361285
1.153154
0.4760655
1.254472
0.5261712
1.198125
0.5426991
1.178926
0.526067
1.10631
0.5167526
1.195269
0.4955583
1.137345
0.4950395
1.122031
0.5083442
1.157836
0.5679222
1.149257
0.4483349
1.154642
0.4947115
1.191546
0.4907364
1.103867
0.5253127
1.188616
0.5327858
1.096717
0.4988013
1.101635
0.5768137
1.117198
0.4817132
1.136446
0.5430744
1.1733
0.5359759
1.138366
0.4508273
1.133634
0.5463719
1.196569
0.6113026
1.053745
0.5574868
1.105838
0.5452243
1.178687
0.5606233
1.132641
0.5819479
1.146314
0.6370267
1.14007
0.5857105
1.11116
0.5389186
1.165965
0.5405646
1.203658
0.5430678
1.082865
0.5839595
1.200152
0.5921032
1.149807
0.6296779
1.153428
0.6026461
1.17692
0.5623047
1.083466
0.6444444
1.083096
0.6181714
1.213143
0.4684383
1.121317
0.5650232
1.082649
0.5975915
1.099576
0.5963746
1.102035
0.636538
1.059821
0.640729
1.131782
0.5814207
1.077539
0.5666606
1.101851
0.6188082
1.085074
0.5924858
1.100338
0.5537954
1.082278
0.6841938
1.120563
0.638598
1.081681
0.6561894
1.113258
0.5761475
1.074149
0.6327501
1.088746
0.6123376
1.022862
0.6273218
1.158688
0.5824277
1.060401
0.6457678
1.082258
0.6526867
1.069229
0.7055513
1.105204
0.6429819
1.079909
0.6586331
1.062572
0.6568442
1.018248
0.6308054
0.9972201
0.678771
1.023211
0.6399043
1.071466
0.6523871
1.089914
0.7089739
1.067348
0.7248272
1.089131
0.6733598
1.066489
0.676376
1.046359
0.6540656
1.130824
0.6593827
1.017072
0.6776601
0.953225
0.7636211
1.001863
0.6397861
1.059494
0.6914659
1.109746
0.6811509
1.028499
0.6541508
1.069474
0.6775637
1.041586
0.6739043
1.040744
0.7024418
1.016673
0.7457208
1.092613
0.7040172
1.009932
0.6973205
1.076835
0.6935374
1.061935
0.6720437
1.041959
0.7060609
1.064513
0.742772
1.013909
0.7248777
1.030804
0.6675478
1.044618
0.6820289
0.9878569
0.6558335
0.998729
0.6700333
0.9847704
0.7756557
0.9677203
0.7215476
1.067619
0.7509894
1.068517
0.6798327
1.021932
0.7371751
0.997999
0.7172614
0.9805936
0.7292051
0.9576722
0.7262307
1.014355
0.7134509
0.9555501
0.7327001
0.908523
0.7516302
1.019165
0.7780114
1.024591
0.6885407
0.9738049
0.7249494
0.9859788
0.7628217
0.9683265
0.7080776
0.9761559
0.7691154
1.030085
0.6983893
0.9547527
0.7742972
0.9597956
0.8130084
0.9921215
0.7620464
0.9937199
0.7406074
0.946816
0.7640941
0.9703218
0.8007001
0.9408622
0.795279
0.942704
0.7763633
0.935344
0.7827395
0.9240888
0.8012525
1.018852
0.7301697
0.9228176
0.7689909
0.9433599
0.743423
0.8866468
0.7453791
0.9195426
0.7799425
0.9202364
0.7856157
0.9998429
0.8158915
0.9223819
0.7841292
0.9558641
0.7933685
0.9341621
0.7757956
0.9692867
0.7801046
0.9237831
0.7830341
0.9174519
0.8038089
0.9229096
0.8072149
0.9711534
0.7732507
0.8923492
0.8366417
0.8831814
0.7789686
0.9206771
0.8187546
0.8686107
0.79871
0.9367803
0.8272618
0.9093015
0.808149
0.940109
0.7090464
0.8482202
0.8688608
0.9501885
0.8023339
0.8962767
0.8512698
0.9044597
0.8367189
0.9059068
0.7946971
0.9389002
0.78907
0.9418694
0.7991415
0.9408612
0.7858545
0.9172495
0.8511056
0.8804096
0.8114957
0.9173394
0.8396047
0.8435811
0.8200917
0.8500846
0.8287607
0.9067748
0.7788368
0.8412207
0.830009
0.8631296
0.7957515
0.9040528
0.8425935
0.9560003
0.8135604
0.8442981
0.7928895
0.8902169
0.8774274
0.8573976
0.8848246
0.8819169
0.8658445
0.8862754
0.8615589
0.8737488
0.8528771
0.8720543
0.8294948
0.9067563
0.8373013
0.8565849
0.8812422
0.8733764
0.8428752
0.8368994
0.902297
0.7991807
0.888228
0.843011
0.8292922
0.8354872
0.8044643
0.8604605
0.8318189
0.8288414
0.8232269
0.8481144
0.8571168
0.8592537
0.873123
0.8139989
0.8460285
0.8687353
0.8178451
0.8555437
0.8571571
0.8509228
0.8512834
0.8124578
0.8277138
0.8192085
0.8806031
0.8412946
0.8498765
0.8527132
0.8927844
0.8180102
0.8350824
0.8211232
0.8277655
0.8274761
0.8942138
0.7921309
0.889286
0.8106667
0.822553
0.8306884
0.8588379
0.8121953
0.8951381
0.7880287
0.8938585
0.8125184
0.909113
0.8181655
0.8620603
0.8102407
0.9144236
0.7893451
0.8812326
0.7493485
0.8794079
0.8132588
0.8973866
0.7666341
0.8507079
0.8071697
0.8736098
0.7996785
0.8415971
0.7717657
0.8967747
0.8115497
0.860747
0.8018568
0.8965763
0.8013197
0.8640648
0.7923914
0.8965611
0.7926505
0.8867583
0.7723314
0.8591868
0.7693947
0.8733616
0.7326711
0.8609636
0.7610015
0.8844819
0.7549228
0.91334
0.787163
0.8694106
0.7804713
0.8694888
0.7682607
0.8565348
0.7433521
0.9102996
0.7705241
0.8803096
0.7334583
0.8705401
0.7441227
0.8746295
0.7507665
0.9206223
0.7716631
0.854119
0.7355669
0.9319191
0.7160562
0.8861932
0.7555382
0.8775702
0.7473738
0.9153033
0.7286437
0.9094334
0.7497391
0.8806661
0.7430862
0.8778573
0.7428557
0.8982761
0.7235823
0.9100824
0.7342265
0.9555482
0.7415166
0.9134269
0.7271426
0.8822446
0.726141
0.8707232
0.7271691
0.9254221
0.7252
0.9046858
0.7303748
0.914951
0.7474118
0.9293324
0.7310926
0.9174191
0.697625
0.8919613
0.7125009
0.914199
0.7015534
0.9023411
0.6907792
0.9045144
0.6909617
0.906588
0.7286854
0.8758885
0.7039316
0.8978136
0.7173386
0.9153264
0.6910025
0.9146972
0.7120127
0.89487
0.6832215
0.9022033
0.6889039
0.9075205
0.6838363
0.8959989
0.6768644
0.9023034
0.6954463
0.8982562
0.6785925
0.9532154
0.7044045
0.9255369
0.7043135
0.9224045
0.6902733
0.9206288
0.6564651
0.9346176
0.6853302
0.8995311
0.6645647
0.8933069
0.7073737
0.9533213
0.6816655
0.9421208
0.673983
0.9451851
0.6612154
0.9226496
0.6790152
0.9144269
0.669426
0.9579549
0.6726163
0.9531221
0.7008352
0.9446909
0.6704403
0.9309293
0.6721649
0.9006778
0.652535
0.9198859
0.658922
0.9239125
0.6406898
0.9245974
0.6699357
0.9499506
0.6631894
0.941072
0.662671
0.9026158
0.6583529
0.9260846
0.6783105
0.9629627
0.6498994
0.9201559
0.6472951
0.9443261
0.6511614
0.9245707
0.6172387
0.9390422
0.6439885
0.9582989
0.6535457
0.925904
0.6497118
0.9505872
0.6394657
0.9214242
0.6244088
0.9269229
0.625375
0.9147415
0.6305062
0.9227732
0.6228645
0.9597592
0.6472884
0.9626989
0.6398289
0.9552335
0.6365887
0.9544768
0.6054214
0.9008923
0.5919049
0.9398672
0.6126294
0.9394709
0.6165676
0.9269087
0.6271362
0.9488242
0.6117162
0.9196204
0.6180947
0.9361789
0.6066456
0.9436595
0.6207885
0.9340476
0.6205952
0.9611509
0.6146683
0.9514802
0.5865537
0.946273
0.6121978
0.9556533
0.602303
0.933107
0.6108347
0.9601318
0.6021067
0.9479247
0.6006758
0.975343
0.5853139
0.9485
0.5715986
0.9564678
0.5976388
0.961085
0.5960623
0.9590678
0.580383
0.9650708
0.5704158
0.9482251
0.5778296
0.9461726
0.562947
0.9664524
0.5769318
0.9550325
0.5503793
0.9552569
0.554928
0.9534618
0.5980421
0.9405234
0.5821674
0.9426854
0.552779
0.9594845
0.563139
0.9499007
0.581669
0.9593689
0.5464268
0.9659491
0.5509209
0.9578707
0.567854
0.9258438
0.554876
0.9498827
0.5568517
0.9632865
0.5521215
0.9619021
0.5631038
0.9561428
0.5712389
0.9708679
0.5476317
0.9642017
0.5498614
0.9717785
0.5368109
0.961885
0.5614472
0.946359
0.5554162
0.966464
0.5455048
0.9634959
0.5297281
0.9524162
0.5472845
0.9793
0.527648
0.9628457
0.5408304
0.9610835
0.5481555
0.969257
0.537471
0.9622462
0.5279571
0.9694377
0.5392836
0.9503674
0.5460979
0.9622116
0.5416986
0.9739862
0.5292812
0.9582154
0.5386094
0.9551545
0.5104243
0.9788315
0.5142447
0.9668728
0.5433637
0.9620646
0.5068612
0.9699819
0.5370917
0.940143
0.5340604
0.9648442
0.5066001
0.9755803
0.5115826
0.9744865
0.5234435
0.9447688
0.5197663
0.9606913
0.5291603
0.9615335
0.4991078
0.9689656
0.5113365
0.9663087
0.4853995
0.9831635
0.5119466
0.9735936
0.5013228
0.9734424
0.502452
0.9791124
0.4932397
0.9709703
0.484936
0.9703239
0.4856558
0.9704808
0.4938428
0.9789733
0.4872709
0.9672326
0.4924345
0.9695987
0.4822387
0.9700816
0.479282
0.9803351
0.4807969
0.9690557
0.4889332
0.9631148
0.4792376
0.9712391
0.479784
0.973723
0.4720785
0.9692295
0.46727
0.9867651
0.4703616
0.9680172
0.4762758
0.9674012
0.4724521
0.9708626
0.467575
0.9771821
0.4806187
0.9879561
0.4603915
0.979898
0.4602549
0.9781331
0.4706054
0.9706665
0.4654842
0.9798355
0.4558908
0.9768889
0.4609728
0.9838666
0.4547808
0.9832202
0.4636913
0.9814976
0.4581329
0.9747908
0.4482379
0.9735635
0.4422573
0.9700611
0.4664663
0.9875804
0.4433959
0.9735691
0.43967
0.9705927
0.4432469
0.9756488
0.4434827
0.9683175
0.4384585
0.9775038
0.4475686
0.9755243
0.4389484
0.977219
0.4428537
0.9685972
0.4370614
0.9817352
0.4393159
0.9793455
0.4294551
0.9792243
0.4424005
0.980393
0.4166086
0.9777847
0.4401176
0.9798349
0.4215127
0.9826652
0.4294379
0.9799342
0.42134
0.979329
0.4180985
0.9702318
0.412027
0.9776059
0.4204564
0.9681675
0.4184737
0.9923746
0.4112849
0.9831847
0.4241082
0.9847903
0.4220175
0.9716265
0.4097601
0.9777277
0.4041759
0.9787917
0.4049704
0.9817108
0.4173592
0.9724293
0.4100668
0.9854354
0.3899839
0.9764615
0.4084377
0.9816135
0.3924428
0.983817
0.4043978
0.9808844
0.3957977
0.9690416
0.3961496
0.9786708
0.3957794
0.9856016
0.4011131
0.9686005
0.3957062
0.9746876
0.3911054
0.9819311
0.3886772
0.9876163
0.3834754
0.9760091
0.3889535
0.9921014
0.3796921
0.9812688
0.3744916
0.9789428
0.3774306
0.9775318
0.3734326
0.9731476
0.3783524
0.9725419
0.3750722
0.9855353
0.3751339
0.9796751
0.3773946
0.9758723
0.3681592
0.9841495
0.3732238
0.979592
0.3730865
0.9759607
0.3738213
0.9730476
0.3644042
0.9747376
0.3628774
0.9830654
0.3598647
0.98071
0.3644531
0.9752088
0.3654129
0.974939
0.3640622
0.9768465
0.3568039
0.9753538
0.3591817
0.9740374
0.3549675
0.9710248
0.3493777
0.9831277
0.3509507
0.9730609
0.3471363
0.9780369
0.3510338
0.9750371
0.3482119
0.9793306
0.345974
0.97339
0.3524032
0.970849
0.3408979
0.981352
0.3464759
0.9794886
0.3413213
0.9676839
0.3411312
0.9753251
0.3339762
0.9776877
0.3435194
0.9705513
0.3429554
0.9716761
0.3375189
0.9665858
0.3403831
0.9790925
0.3422484
0.9729931
0.3403834
0.9745116
0.3334596
0.975095
0.3333882
0.9729542
0.3382868
0.9742088
0.3311069
0.9756224
0.3259969
0.9705861
0.3321663
0.9735447
0.333521
0.9673496
0.3260921
0.97326
0.3287855
0.971583
0.3335532
0.9677215
0.328446
0.9708979
0.3230731
0.9746949
0.327167
0.9652122
0.3206002
0.9740666
0.3228917
0.9680936
0.3228047
0.972906
0.3196339
0.9727014
0.3216752
0.9709649
0.3182725
0.9701964
0.3171935
0.9732277
0.3130676
0.9776857
0.3173842
0.9717442
0.3150469
0.9644861
0.314449
0.9708255
0.3100273
0.9695737
0.3086522
0.9656861
0.3146084
0.9670081
0.3068685
0.9740986
0.3102783
0.9692631
0.3049866
0.9665967
0.3107435
0.9745185
0.3011879
0.968478
0.3049182
0.9732734
0.3011674
0.9665671
0.3038557
0.971086
0.3007158
0.9739882
0.2972144
0.9674487
0.3027964
0.9728211
0.2955206
0.968414
0.3015775
0.9673603
0.2982113
0.9683931
0.2988093
0.9708756
0.2982978
0.9688051
0.2906247
0.9726798
0.2939209
0.9699492
0.2916408
0.9644512
0.2906962
0.9670667
0.289705
0.9704436
0.2906065
0.9686029
0.2854717
0.9713732
0.2873571
0.9695935
0.2884244
0.9694628
0.2874266
0.9687811
0.2820182
0.9678909
0.280134
0.9698649
0.2807082
0.9654524
0.2838527
0.9616172
0.279469
0.9657547
0.2785071
0.9664194
0.2800008
0.9693938
0.2744585
0.9688741
0.2758937
0.9715566
0.2742687
0.969916
0.2720304
0.9663384
0.2733903
0.972878
0.268373
0.9700439
0.2728331
0.9692582
0.2679881
0.9685615
0.265817
0.9687821
0.2647532
0.9685369
0.2651695
0.9670087
0.2602065
0.9692093
0.2646146
0.9690187
0.2618364
0.970866
0.2640955
0.9665288
0.2597438
0.9701841
0.257445
0.9704849
0.260189
0.9683829
0.2617927
0.9723413
0.2557545
0.9699378
0.2537867
0.9678175
0.253269
0.9728248
0.2496383
0.9697513
0.2543354
0.9683663
0.2497146
0.9717801
0.253494
0.9698401
0.2503235
0.9689285
0.2489604
0.9694649
0.2489143
0.9685727
0.246516
0.9709161
0.2445893
0.9707648
0.2477634
0.9674023
0.2425715
0.9700512
0.2414206
0.9727181
0.2428935
0.9689966
0.2396353
0.9702427
0.2399418
0.9684982
0.2413915
0.9691496
0.2375299
0.9689944
0.233247
0.9715527
0.2341208
0.9683262
0.232413
0.9698105
0.2347308
0.9706895
0.2329532
0.9679898
0.2299266
0.9695643
0.2307907
0.9686078
0.230825
0.9692284
0.2283195
0.968795
0.2275378
0.9692534
0.2265174
0.9699959
0.2248494
0.9684069
0.2257016
0.9680251
0.2248201
0.9676464
0.2233875
0.9689416
0.2230635
0.9696867
0.2238794
0.9679031
0.2205494
0.9689866
0.2203701
0.969591
0.2198751
0.9685206
0.2171346
0.9699259
0.2169241
0.9703013
0.2159793
0.9698831
0.2141369
0.9702798
0.2142088
0.9687194
0.2116491
0.9701372
0.2101746
0.9686376
0.2092858
0.9699237
0.2106329
0.9674397
0.2085165
0.9680808
0.2101953
0.968042
0.2075565
0.9701419
0.2053705
0.9690301
0.2073105
0.967264
0.2049626
0.9693815
0.2046747
0.9688052
0.2025696
0.9690453
0.2027414
0.9678747
0.2031664
0.9687704
0.2004115
0.9686033
0.1990842
0.9690842
0.1991481
0.9684553
0.1977353
0.9692016
0.1971092
0.9694181
0.1968219
0.9688514
0.1970157
0.9687476
0.1947937
0.9686096
0.1955518
0.9679264
0.193809
0.9683861
0.1927423
0.9686026
0.1923093
0.9688681
0.1903576
0.9678327
0.189381
0.9691179
0.1896017
0.9683887
0.1891024
0.9691021
0.1867196
0.9691862
0.1853555
0.9690998
0.1862357
0.968654
0.1849482
0.9689378
0.185042
0.9678895
0.1829553
0.9687764
0.182401
0.9672869
0.1815441
0.9679684
0.1818294
0.9689739
0.1810637
0.9679912
0.1798178
0.9682747
0.1795428
0.9683182
0.1784187
0.9676872
0.1765431
0.96905
0.1766448
0.9690058
0.1751516
0.9693803
0.1752026
0.9680105
0.1741323
0.9687284
0.173364
0.968448
0.1714013
0.9684337
0.1709889
0.968842
0.1704201
0.9685581
0.1701463
0.9689682
0.1691793
0.9692379
0.1690116
0.9685242
0.1686191
0.9697057
0.1668662
0.9692473
0.1661099
0.9694493
0.1646975
0.9690892
0.1649452
0.9685944
0.1639301
0.9684465
0.1641099
0.9690444
0.1620979
0.9692957
0.1618889
0.9690098
0.1605584
0.9692981
0.1610847
0.9692274
0.1599819
0.9696086
0.1602564
0.9695993
0.15851
0.9700683
0.1582711
0.9701464
0.157458
0.9702429
0.1569755
0.969892
0.1561512
0.9702913
0.1554132
0.970502
0.1537275
0.9710767
0.1536976
0.9704925
0.1530767
0.9712044
0.1515449
0.9714944
0.15088
0.9713349
0.1506055
0.9707602
0.1493244
0.9713703
0.1488397
0.9715765
0.1478774
0.9718419
0.1472067
0.9722238
0.1464265
0.9721352
0.1462915
0.9722067
0.1451394
0.9728867
0.1447823
0.9727946
0.1434645
0.973106
0.1423368
0.9735824
0.142397
0.9737415
0.1412314
0.9736549
0.1409036
0.9740747
0.1394895
0.9739085
0.1394071
0.974493
0.1380637
0.9750829
0.1371445
0.9748306
0.1368147
0.9748864
0.136078
0.9749097
0.1351705
0.9764851
0.1344809
0.9761404
0.1338492
0.9765392
0.1325021
0.9770631
0.1319811
0.9773189
0.1310921
0.9774717
0.1306144
0.9776082
0.1294833
0.9783843
0.1281974
0.9782642
0.1274893
0.9786404
0.1266809
0.9791261
0.1260353
0.9791088
0.1251815
0.9795696
0.123845
0.9797597
0.1232124
0.9799231
0.1223491
0.9805757
0.1215693
0.9807004
0.1206901
0.980943
0.1198378
0.981909
0.1185686
0.9820384
0.117938
0.9821898
0.1169454
0.982415
0.1160141
0.9827593
0.1152148
0.9830961
0.1145162
0.9834986
0.1133192
0.9838666
0.1123098
0.9845854
0.1114882
0.9849173
0.1102873
0.9851397
0.1095162
0.9858044
0.1083579
0.9858037
0.1073588
0.9863428
0.1064573
0.9865903
0.1054609
0.9866885
0.1042673
0.9872671
0.1032885
0.9873942
0.1025866
0.9880766
0.101398
0.9885005
0.1003509
0.9888034
0.09940735
0.9890751
0.09834382
0.9894712
0.09696532
0.989764
0.09585677
0.9903383
0.09484144
0.9905863
0.09389778
0.9908319
0.09292742
0.991465
0.09143928
0.9916296
0.09057879
0.9919397
0.08925588
0.9924253
0.08824468
0.9928209
0.08708404
0.9933552
0.08601696
0.9935024
0.08447043
0.9934679
0.08323262
0.9937027
0.08224066
0.9940669
0.08120668
0.9946079
0.0801165
0.9947843
0.07856677
0.9950299
0.0776798
0.9958673
0.07656589
0.9958867
0.07470116
0.9955383
0.07481322
0.9971543
0.07082134
0.9954951
0.0707699
0.9968039
0.07025808
0.9967394
0.06873752
0.9969559
0.06753159
0.9969911
0.06629538
0.9973127
0.06504458
0.9974939
0.06367648
0.9977274
0.06246877
0.997893
0.06124224
0.9982297
0.0600374
0.9983172
0.05884349
0.9984971
0.05754398
0.9985664
0.05624044
0.9987491
0.05497587
0.9989655
0.05364573
0.9989858
0.05253572
0.9991006
0.05117209
0.9992272
0.04995574
0.9994357
0.04874402
0.9995237
0.04742432
0.9996386
0.04618895
0.9996604
0.04494116
0.9999003
0.04368731
0.9998987
0.04240608
1.000023
0.04113841
1.00012
0.03988585
1.000134
0.03868356
1.000149
0.03733519
1.00019
0.03609182
1.00036
0.03486483
1.000233
0.03364842
1.000381
0.03238326
1.000444
0.031102
1.000393
0.0298901
1.000464
0.02869864
1.000474
0.02747412
1.000431
0.02631153
1.000443
0.02502883
1.000505
0.02375358
1.000518
0.02254963
1.000506
0.02130966
1.000576
0.02015144
1.000474
0.01896093
1.000509
0.01775772
1.000502
0.01650779
1.000527
0.01534062
1.000502
0.01414053
1.000518
0.01292352
1.000493
0.01175985
1.000509
0.01056072
1.000475
0.009393187
1.000474
0.008180918
1.000471
0.006978691
1.000419
0.005811632
1.000399
0.004651595
1.000387
0.003489184
1.000322
0.002336316
1.000324
0.001148656
1.000498
0
1.000324
-0.001148656
1.000322
-0.002336316
1.000387
-0.003489184
1.000399
-0.004651595
1.000419
-0.005811632
1.000471
-0.006978691
1.000474
-0.008180918
1.000475
-0.009393187
1.000509
-0.01056072
1.000493
-0.01175985
1.000518
-0.01292352
1.000502
-0.01414053
1.000527
-0.01534062
1.000502
-0.01650779
1.000509
-0.01775772
1.000474
-0.01896093
1.000576
-0.02015144
1.000506
-0.02130966
1.000518
-0.02254963
1.000505
-0.02375358
1.000443
-0.02502883
1.000431
-0.02631153
1.000474
-0.02747412
1.000464
-0.02869864
1.000393
-0.0298901
1.000444
-0.031102
1.000381
-0.03238326
1.000233
-0.03364842
1.00036
-0.03486483
1.00019
-0.03609182
1.000149
-0.03733519
1.000134
-0.03868356
1.00012
-0.03988585
1.000023
-0.04113841
0.9998987
-0.04240608
0.9999003
-0.04368731
0.9996604
-0.04494116
0.9996386
-0.04618895
0.9995237
-0.04742432
0.9994357
-0.04874402
0.9992272
-0.04995574
0.9991006
-0.05117209
0.9989858
-0.05253572
0.9989655
-0.05364573
0.9987491
-0.05497587
0.9985664
-0.05624044
0.9984971
-0.05754398
0.9983172
-0.05884349
0.9982297
-0.0600374
0.997893
-0.06124224
0.9977274
-0.06246877
0.9974939
-0.06367648
0.9973127
-0.06504458
0.9969911
-0.06629538
0.9969559
-0.06753159
0.9967394
-0.06873752
0.9968039
-0.07025808
0.9954951
-0.0707699
0.9971543
-0.07082134
0.9955383
-0.07481322
0.9958867
-0.07470116
0.9958673
-0.07656589
0.9950299
-0.0776798
0.9947843
-0.07856677
0.9946079
-0.0801165
0.9940669
-0.08120668
0.9937027
-0.08224066
0.9934679
-0.08323262
0.9935024
-0.08447043
0.9933552
-0.08601696
0.9928209
-0.08708404
0.9924253
-0.08824468
0.9919397
-0.08925588
0.9916296
-0.09057879
0.991465
-0.09143928
0.9908319
-0.09292742
0.9905863
-0.09389778
0.9903383
-0.09484144
0.989764
-0.09585677
0.9894712
-0.09696532
0.9890751
-0.09834382
0.9888034
-0.09940735
0.9885005
-0.1003509
0.9880766
-0.101398
0.9873942
-0.1025866
0.9872671
-0.1032885
0.9866885
-0.1042673
0.9865903
-0.1054609
0.9863428
-0.1064573
0.9858037
-0.1073588
0.9858044
-0.1083579
0.9851397
-0.1095162
0.9849173
-0.1102873
0.9845854
-0.1114882
0.9838666
-0.1123098
0.9834986
-0.1133192
0.9830961
-0.1145162
0.9827593
-0.1152148
0.982415
-0.1160141
0.9821898
-0.1169454
0.9820384
-0.117938
0.981909
-0.1185686
0.980943
-0.1198378
0.9807004
-0.1206901
0.9805757
-0.1215693
0.9799231
-0.1223491
0.9797597
-0.1232124
0.9795696
-0.123845
0.9791088
-0.1251815
0.9791261
-0.1260353
0.9786404
-0.1266809
0.9782642
-0.1274893
0.9783843
-0.1281974
0.9776082
-0.1294833
0.9774717
-0.1306144
0.9773189
-0.1310921
0.9770631
-0.1319811
0.9765392
-0.1325021
0.9761404
-0.1338492
0.9764851
-0.1344809
0.9749097
-0.1351705
0.9748864
-0.136078
0.9748306
-0.1368147
0.9750829
-0.1371445
0.974493
-0.1380637
0.9739085
-0.1394071
0.9740747
-0.1394895
0.9736549
-0.1409036
0.9737415
-0.1412314
0.9735824
-0.142397
0.973106
-0.1423368
0.9727946
-0.1434645
0.9728867
-0.1447823
0.9722067
-0.1451394
0.9721352
-0.1462915
0.9722238
-0.1464265
0.9718419
-0.1472067
0.9715765
-0.1478774
0.9713703
-0.1488397
0.9707602
-0.1493244
0.9713349
-0.1506055
0.9714944
-0.15088
0.9712044
-0.1515449
0.9704925
-0.1530767
0.9710767
-0.1536976
0.970502
-0.1537275
0.9702913
-0.1554132
0.969892
-0.1561512
0.9702429
-0.1569755
0.9701464
-0.157458
0.9700683
-0.1582711
0.9695993
-0.15851
0.9696086
-0.1602564
0.9692274
-0.1599819
0.9692981
-0.1610847
0.9690098
-0.1605584
0.9692957
-0.1618889
0.9690444
-0.1620979
0.9684465
-0.1641099
0.9685944
-0.1639301
0.9690892
-0.1649452
0.9694493
-0.1646975
0.9692473
-0.1661099
0.9697057
-0.1668662
0.9685242
-0.1686191
0.9692379
-0.1690116
0.9689682
-0.1691793
0.9685581
-0.1701463
0.968842
-0.1704201
0.9684337
-0.1709889
0.968448
-0.1714013
0.9687284
-0.173364
0.9680105
-0.1741323
0.9693803
-0.1752026
0.9690058
-0.1751516
0.96905
-0.1766448
0.9676872
-0.1765431
0.9683182
-0.1784187
0.9682747
-0.1795428
0.9679912
-0.1798178
0.9689739
-0.1810637
0.9679684
-0.1818294
0.9672869
-0.1815441
0.9687764
-0.182401
0.9678895
-0.1829553
0.9689378
-0.185042
0.968654
-0.1849482
0.9690998
-0.1862357
0.9691862
-0.1853555
0.9691021
-0.1867196
0.9683887
-0.1891024
0.9691179
-0.1896017
0.9678327
-0.189381
0.9688681
-0.1903576
0.9686026
-0.1923093
0.9683861
-0.1927423
0.9679264
-0.193809
0.9686096
-0.1955518
0.9687476
-0.1947937
0.9688514
-0.1970157
0.9694181
-0.1968219
0.9692016
-0.1971092
0.9684553
-0.1977353
0.9690842
-0.1991481
0.9686033
-0.1990842
0.9687704
-0.2004115
0.9678747
-0.2031664
0.9690453
-0.2027414
0.9688052
-0.2025696
0.9693815
-0.2046747
0.967264
-0.2049626
0.9690301
-0.2073105
0.9701419
-0.2053705
0.968042
-0.2075565
0.9680808
-0.2101953
0.9674397
-0.2085165
0.9699237
-0.2106329
0.9686376
-0.2092858
0.9701372
-0.2101746
0.9687194
-0.2116491
0.9702798
-0.2142088
0.9698831
-0.2141369
0.9703013
-0.2159793
0.9699259
-0.2169241
0.9685206
-0.2171346
0.969591
-0.2198751
0.9689866
-0.2203701
0.9679031
-0.2205494
0.9696867
-0.2238794
0.9689416
-0.2230635
0.9676464
-0.2233875
0.9680251
-0.2248201
0.9684069
-0.2257016
0.9699959
-0.2248494
0.9692534
-0.2265174
0.968795
-0.2275378
0.9692284
-0.2283195
0.9686078
-0.230825
0.9695643
-0.2307907
0.9679898
-0.2299266
0.9706895
-0.2329532
0.9698105
-0.2347308
0.9683262
-0.232413
0.9715527
-0.2341208
0.9689944
-0.233247
0.9691496
-0.2375299
0.9684982
-0.2413915
0.9702427
-0.2399418
0.9689966
-0.2396353
0.9727181
-0.2428935
0.9700512
-0.2414206
0.9674023
-0.2425715
0.9707648
-0.2477634
0.9709161
-0.2445893
0.9685727
-0.246516
0.9694649
-0.2489143
0.9689285
-0.2489604
0.9698401
-0.2503235
0.9717801
-0.253494
0.9683663
-0.2497146
0.9697513
-0.2543354
0.9728248
-0.2496383
0.9678175
-0.253269
0.9699378
-0.2537867
0.9723413
-0.2557545
0.9683829
-0.2617927
0.9704849
-0.260189
0.9701841
-0.257445
0.9665288
-0.2597438
0.970866
-0.2640955
0.9690187
-0.2618364
0.9692093
-0.2646146
0.9670087
-0.2602065
0.9685369
-0.2651695
0.9687821
-0.2647532
0.9685615
-0.265817
0.9692582
-0.2679881
0.9700439
-0.2728331
0.972878
-0.268373
0.9663384
-0.2733903
0.969916
-0.2720304
0.9715566
-0.2742687
0.9688741
-0.2758937
0.9693938
-0.2744585
0.9664194
-0.2800008
0.9657547
-0.2785071
0.9616172
-0.279469
0.9654524
-0.2838527
0.9698649
-0.2807082
0.9678909
-0.280134
0.9687811
-0.2820182
0.9694628
-0.2874266
0.9695935
-0.2884244
0.9713732
-0.2873571
0.9686029
-0.2854717
0.9704436
-0.2906065
0.9670667
-0.289705
0.9644512
-0.2906962
0.9699492
-0.2916408
0.9726798
-0.2939209
0.9688051
-0.2906247
0.9708756
-0.2982978
0.9683931
-0.2988093
0.9673603
-0.2982113
0.968414
-0.3015775
0.9728211
-0.2955206
0.9674487
-0.3027964
0.9739882
-0.2972144
0.971086
-0.3007158
0.9665671
-0.3038557
0.9732734
-0.3011674
0.968478
-0.3049182
0.9745185
-0.3011879
0.9665967
-0.3107435
0.9692631
-0.3049866
0.9740986
-0.3102783
0.9670081
-0.3068685
0.9656861
-0.3146084
0.9695737
-0.3086522
0.9708255
-0.3100273
0.9644861
-0.314449
0.9717442
-0.3150469
0.9776857
-0.3173842
0.9732277
-0.3130676
0.9701964
-0.3171935
0.9709649
-0.3182725
0.9727014
-0.3216752
0.972906
-0.3196339
0.9680936
-0.3228047
0.9740666
-0.3228917
0.9652122
-0.3206002
0.9746949
-0.327167
0.9708979
-0.3230731
0.9677215
-0.328446
0.971583
-0.3335532
0.97326
-0.3287855
0.9673496
-0.3260921
0.9735447
-0.333521
0.9705861
-0.3321663
0.9756224
-0.3259969
0.9742088
-0.3311069
0.9729542
-0.3382868
0.975095
-0.3333882
0.9745116
-0.3334596
0.9729931
-0.3403834
0.9790925
-0.3422484
0.9665858
-0.3403831
0.9716761
-0.3375189
0.9705513
-0.3429554
0.9776877
-0.3435194
0.9753251
-0.3339762
0.9676839
-0.3411312
0.9794886
-0.3413213
0.981352
-0.3464759
0.970849
-0.3408979
0.97339
-0.3524032
0.9793306
-0.345974
0.9750371
-0.3482119
0.9780369
-0.3510338
0.9730609
-0.3471363
0.9831277
-0.3509507
0.9710248
-0.3493777
0.9740374
-0.3549675
0.9753538
-0.3591817
0.9768465
-0.3568039
0.974939
-0.3640622
0.9752088
-0.3654129
0.98071
-0.3644531
0.9830654
-0.3598647
0.9747376
-0.3628774
0.9730476
-0.3644042
0.9759607
-0.3738213
0.979592
-0.3730865
0.9841495
-0.3732238
0.9758723
-0.3681592
0.9796751
-0.3773946
0.9855353
-0.3751339
0.9725419
-0.3750722
0.9731476
-0.3783524
0.9775318
-0.3734326
0.9789428
-0.3774306
0.9812688
-0.3744916
0.9921014
-0.3796921
0.9760091
-0.3889535
0.9876163
-0.3834754
0.9819311
-0.3886772
0.9746876
-0.3911054
0.9686005
-0.3957062
0.9856016
-0.4011131
0.9786708
-0.3957794
0.9690416
-0.3961496
0.9808844
-0.3957977
0.983817
-0.4043978
0.9816135
-0.3924428
0.9764615
-0.4084377
0.9854354
-0.3899839
0.9724293
-0.4100668
0.9817108
-0.4173592
0.9787917
-0.4049704
0.9777277
-0.4041759
0.9716265
-0.4097601
0.9847903
-0.4220175
0.9831847
-0.4241082
0.9923746
-0.4112849
0.9681675
-0.4184737
0.9776059
-0.4204564
0.9702318
-0.412027
0.979329
-0.4180985
0.9799342
-0.42134
0.9826652
-0.4294379
0.9798349
-0.4215127
0.9777847
-0.4401176
0.980393
-0.4166086
0.9792243
-0.4424005
0.9793455
-0.4294551
0.9817352
-0.4393159
0.9685972
-0.4370614
0.977219
-0.4428537
0.9755243
-0.4389484
0.9775038
-0.4475686
0.9683175
-0.4384585
0.9756488
-0.4434827
0.9705927
-0.4432469
0.9735691
-0.43967
0.9875804
-0.4433959
0.9700611
-0.4664663
0.9735635
-0.4422573
0.9747908
-0.4482379
0.9814976
-0.4581329
0.9832202
-0.4636913
0.9838666
-0.4547808
0.9768889
-0.4609728
0.9798355
-0.4558908
0.9706665
-0.4654842
0.9781331
-0.4706054
0.979898
-0.4602549
0.9879561
-0.4603915
0.9771821
-0.4806187
0.9708626
-0.467575
0.9674012
-0.4724521
0.9680172
-0.4762758
0.9867651
-0.4703616
0.9692295
-0.46727
0.973723
-0.4720785
0.9712391
-0.479784
0.9631148
-0.4792376
0.9690557
-0.4889332
0.9803351
-0.4807969
0.9700816
-0.479282
0.9695987
-0.4822387
0.9672326
-0.4924345
0.9789733
-0.4872709
0.9704808
-0.4938428
0.9703239
-0.4856558
0.9709703
-0.484936
0.9791124
-0.4932397
0.9734424
-0.502452
0.9735936
-0.5013228
0.9831635
-0.5119466
0.9663087
-0.4853995
0.9689656
-0.5113365
0.9615335
-0.4991078
0.9606913
-0.5291603
0.9447688
-0.5197663
0.9744865
-0.5234435
0.9755803
-0.5115826
0.9648442
-0.5066001
0.940143
-0.5340604
0.9699819
-0.5370917
0.9620646
-0.5068612
0.9668728
-0.5433637
0.9788315
-0.5142447
0.9551545
-0.5104243
0.9582154
-0.5386094
0.9739862
-0.5292812
0.9622116
-0.5416986
0.9503674
-0.5460979
0.9694377
-0.5392836
0.9622462
-0.5279571
0.969257
-0.537471
0.9610835
-0.5481555
0.9628457
-0.5408304
0.9793
-0.527648
0.9524162
-0.5472845
0.9634959
-0.5297281
0.966464
-0.5455048
0.946359
-0.5554162
0.961885
-0.5614472
0.9717785
-0.5368109
0.9642017
-0.5498614
0.9708679
-0.5476317
0.9561428
-0.5712389
0.9619021
-0.5631038
0.9632865
-0.5521215
0.9498827
-0.5568517
0.9258438
-0.554876
0.9578707
-0.567854
0.9659491
-0.5509209
0.9593689
-0.5464268
0.9499007
-0.581669
0.9594845
-0.563139
0.9426854
-0.552779
0.9405234
-0.5821674
0.9534618
-0.5980421
0.9552569
-0.554928
0.9550325
-0.5503793
0.9664524
-0.5769318
0.9461726
-0.562947
0.9482251
-0.5778296
0.9650708
-0.5704158
0.9590678
-0.580383
0.961085
-0.5960623
0.9564678
-0.5976388
0.9485
-0.5715986
0.975343
-0.5853139
0.9479247
-0.6006758
0.9601318
-0.6021067
0.933107
-0.6108347
0.9556533
-0.602303
0.946273
-0.6121978
0.9514802
-0.5865537
0.9611509
-0.6146683
0.9340476
-0.6205952
0.9436595
-0.6207885
0.9361789
-0.6066456
0.9196204
-0.6180947
0.9488242
-0.6117162
0.9269087
-0.6271362
0.9394709
-0.6165676
0.9398672
-0.6126294
0.9008923
-0.5919049
0.9544768
-0.6054214
0.9552335
-0.6365887
0.9626989
-0.6398289
0.9597592
-0.6472884
0.9227732
-0.6228645
0.9147415
-0.6305062
0.9269229
-0.625375
0.9214242
-0.6244088
0.9505872
-0.6394657
0.925904
-0.6497118
0.9582989
-0.6535457
0.9390422
-0.6439885
0.9245707
-0.6172387
0.9443261
-0.6511614
0.9201559
-0.6472951
0.9629627
-0.6498994
0.9260846
-0.6783105
0.9026158
-0.6583529
0.941072
-0.662671
0.9499506
-0.6631894
0.9245974
-0.6699357
0.9239125
-0.6406898
0.9198859
-0.658922
0.9006778
-0.652535
0.9309293
-0.6721649
0.9446909
-0.6704403
0.9531221
-0.7008352
0.9579549
-0.6726163
0.9144269
-0.669426
0.9226496
-0.6790152
0.9451851
-0.6612154
0.9421208
-0.673983
0.9533213
-0.6816655
0.8933069
-0.7073737
0.8995311
-0.6645647
0.9346176
-0.6853302
0.9206288
-0.6564651
0.9224045
-0.6902733
0.9255369
-0.7043135
0.9532154
-0.7044045
0.8982562
-0.6785925
0.9023034
-0.6954463
0.8959989
-0.6768644
0.9075205
-0.6838363
0.9022033
-0.6889039
0.89487
-0.6832215
0.9146972
-0.7120127
0.9153264
-0.6910025
0.8978136
-0.7173386
0.8758885
-0.7039316
0.906588
-0.7286854
0.9045144
-0.6909617
0.9023411
-0.6907792
0.914199
-0.7015534
0.8919613
-0.7125009
0.9174191
-0.697625
0.9293324
-0.7310926
0.914951
-0.7474118
0.9046858
-0.7303748
0.9254221
-0.7252
0.8707232
-0.7271691
0.8822446
-0.726141
0.9134269
-0.7271426
0.9555482
-0.7415166
0.9100824
-0.7342265
0.8982761
-0.7235823
0.8778573
-0.7428557
0.8806661
-0.7430862
0.9094334
-0.7497391
0.9153033
-0.7286437
0.8775702
-0.7473738
0.8861932
-0.7555382
0.9319191
-0.7160562
0.854119
-0.7355669
0.9206223
-0.7716631
0.8746295
-0.7507665
0.8705401
-0.7441227
0.8803096
-0.7334583
0.9102996
-0.7705241
0.8565348
-0.7433521
0.8694888
-0.7682607
0.8694106
-0.7804713
0.91334
-0.787163
0.8844819
-0.7549228
0.8609636
-0.7610015
0.8733616
-0.7326711
0.8591868
-0.7693947
0.8867583
-0.7723314
0.8965611
-0.7926505
0.8640648
-0.7923914
0.8965763
-0.8013197
0.860747
-0.8018568
0.8967747
-0.8115497
0.8415971
-0.7717657
0.8736098
-0.7996785
0.8507079
-0.8071697
0.8973866
-0.7666341
0.8794079
-0.8132588
0.8812326
-0.7493485
0.9144236
-0.7893451
0.8620603
-0.8102407
0.909113
-0.8181655
0.8938585
-0.8125184
0.8951381
-0.7880287
0.8588379
-0.8121953
0.822553
-0.8306884
0.889286
-0.8106667
0.8942138
-0.7921309
0.8277655
-0.8274761
0.8350824
-0.8211232
0.8927844
-0.8180102
0.8498765
-0.8527132
0.8806031
-0.8412946
0.8277138
-0.8192085
0.8512834
-0.8124578
0.8571571
-0.8509228
0.8178451
-0.8555437
0.8460285
-0.8687353
0.873123
-0.8139989
0.8571168
-0.8592537
0.8232269
-0.8481144
0.8318189
-0.8288414
0.8044643
-0.8604605
0.8292922
-0.8354872
0.888228
-0.843011
0.902297
-0.7991807
0.8428752
-0.8368994
0.8812422
-0.8733764
0.8373013
-0.8565849
0.8294948
-0.9067563
0.8528771
-0.8720543
0.8615589
-0.8737488
0.8658445
-0.8862754
0.8848246
-0.8819169
0.8774274
-0.8573976
0.7928895
-0.8902169
0.8135604
-0.8442981
0.8425935
-0.9560003
0.7957515
-0.9040528
0.830009
-0.8631296
0.7788368
-0.8412207
0.8287607
-0.9067748
0.8200917
-0.8500846
0.8396047
-0.8435811
0.8114957
-0.9173394
0.8511056
-0.8804096
0.7858545
-0.9172495
0.7991415
-0.9408612
0.78907
-0.9418694
0.7946971
-0.9389002
0.8367189
-0.9059068
0.8512698
-0.9044597
0.8023339
-0.8962767
0.8688608
-0.9501885
0.7090464
-0.8482202
0.808149
-0.940109
0.8272618
-0.9093015
0.79871
-0.9367803
0.8187546
-0.8686107
0.7789686
-0.9206771
0.8366417
-0.8831814
0.7732507
-0.8923492
0.8072149
-0.9711534
0.8038089
-0.9229096
0.7830341
-0.9174519
0.7801046
-0.9237831
0.7757956
-0.9692867
0.7933685
-0.9341621
0.7841292
-0.9558641
0.8158915
-0.9223819
0.7856157
-0.9998429
0.7799425
-0.9202364
0.7453791
-0.9195426
0.743423
-0.8866468
0.7689909
-0.9433599
0.7301697
-0.9228176
0.8012525
-1.018852
0.7827395
-0.9240888
0.7763633
-0.935344
0.795279
-0.942704
0.8007001
-0.9408622
0.7640941
-0.9703218
0.7406074
-0.946816
0.7620464
-0.9937199
0.8130084
-0.9921215
0.7742972
-0.9597956
0.6983893
-0.9547527
0.7691154
-1.030085
0.7080776
-0.9761559
0.7628217
-0.9683265
0.7249494
-0.9859788
0.6885407
-0.9738049
0.7780114
-1.024591
0.7516302
-1.019165
0.7327001
-0.908523
0.7134509
-0.9555501
0.7262307
-1.014355
0.7292051
-0.9576722
0.7172614
-0.9805936
0.7371751
-0.997999
0.6798327
-1.021932
0.7509894
-1.068517
0.7215476
-1.067619
0.7756557
-0.9677203
0.6700333
-0.9847704
0.6558335
-0.998729
0.6820289
-0.9878569
0.6675478
-1.044618
0.7248777
-1.030804
0.742772
-1.013909
0.7060609
-1.064513
0.6720437
-1.041959
0.6935374
-1.061935
0.6973205
-1.076835
0.7040172
-1.009932
0.7457208
-1.092613
0.7024418
-1.016673
0.6739043
-1.040744
0.6775637
-1.041586
0.6541508
-1.069474
0.6811509
-1.028499
0.6914659
-1.109746
0.6397861
-1.059494
0.7636211
-1.001863
0.6776601
-0.953225
0.6593827
-1.017072
0.6540656
-1.130824
0.676376
-1.046359
0.6733598
-1.066489
0.7248272
-1.089131
0.7089739
-1.067348
0.6523871
-1.089914
0.6399043
-1.071466
0.678771
-1.023211
0.6308054
-0.9972201
0.6568442
-1.018248
0.6586331
-1.062572
0.6429819
-1.079909
0.7055513
-1.105204
0.6526867
-1.069229
0.6457678
-1.082258
0.5824277
-1.060401
0.6273218
-1.158688
0.6123376
-1.022862
0.6327501
-1.088746
0.5761475
-1.074149
0.6561894
-1.113258
0.638598
-1.081681
0.6841938
-1.120563
0.5537954
-1.082278
0.5924858
-1.100338
0.6188082
-1.085074
0.5666606
-1.101851
0.5814207
-1.077539
0.640729
-1.131782
0.636538
-1.059821
0.5963746
-1.102035
0.5975915
-1.099576
0.5650232
-1.082649
0.4684383
-1.121317
0.6181714
-1.213143
0.6444444
-1.083096
0.5623047
-1.083466
0.6026461
-1.17692
0.6296779
-1.153428
0.5921032
-1.149807
0.5839595
-1.200152
0.5430678
-1.082865
0.5405646
-1.203658
0.5389186
-1.165965
0.5857105
-1.11116
0.6370267
-1.14007
0.5819479
-1.146314
0.5606233
-1.132641
0.5452243
-1.178687
0.5574868
-1.105838
0.6113026
-1.053745
0.5463719
-1.196569
0.4508273
-1.133634
0.5359759
-1.138366
0.5430744
-1.1733
0.4817132
-1.136446
0.5768137
-1.117198
0.4988013
-1.101635
0.5327858
-1.096717
0.5253127
-1.188616
0.4907364
-1.103867
0.4947115
-1.191546
0.4483349
-1.154642
0.5679222
-1.149257
0.5083442
-1.157836
0.4950395
-1.122031
0.4955583
-1.137345
0.5167526
-1.195269
0.526067
-1.10631
0.5426991
-1.178926
0.5261712
-1.198125
0.4760655
-1.254472
0.5361285
-1.153154
0.5559703
-1.168978
0.4011083
-1.075149
0.4393204
-1.130833
0.3913507
-1.164369
0.4535433
-1.232007
0.4426405
-1.213759
0.4676795
-1.185836
0.5024415
-1.226853
0.467652
-1.256088
0.4251344
-1.138592
0.5655863
-1.095255
0.3884243
-1.163315
0.5042674
-1.202532
0.3841178
-1.227211
0.4284477
-1.192236
0.4849555
-1.102599
0.4212212
-1.288668
0.3986399
-1.193722
0.4119591
-1.164053
0.4776434
-1.230563
0.4827178
-1.209028
0.3963857
-1.207948
0.404359
-1.26573
0.4737453
-1.26426
0.4242112
-1.201209
0.391913
-1.150085
0.4375405
-1.163983
0.4606289
-1.184142
0.3645796
-1.190099
0.4212601
-1.265089
0.3849704
-1.203721
0.3488563
-1.314122
0.4199023
-1.28726
0.4569594
-1.229072
0.345421
-1.24431
0.2452661
-1.103527
0.3503699
-1.175833
0.2867344
-1.198205
0.4253909
-1.206186
0.3044228
-1.271468
0.2258754
-1.248539
0.3945447
-1.183206
0.4294736
-1.178939
0.3910619
-1.236533
0.3117753
-1.169984
0.2934316
-1.153724
0.3122734
-1.234419
0.3254345
-1.236122
0.2829377
-1.215021
0.3328224
-1.236914
0.3520442
-1.205304
0.3769663
-1.242731
0.3121725
-1.169004
0.3024262
-1.219073
0.3991846
-1.302667
0.3045957
-1.202542
0.3373252
-1.202378
0.2761661
-1.232285
0.2849805
-1.269031
0.2966564
-1.311912
0.3529786
-1.181868
0.2511124
-1.257046
0.3309554
-1.238403
0.2910098
-1.261474
0.3196355
-1.309581
0.2620557
-1.272209
0.3131028
-1.187899
0.3422483
-1.208897
0.280929
-1.231972
0.2523628
-1.185653
0.228864
-1.287104
0.3042042
-1.245541
0.1527597
-1.303792
0.2656797
-1.189042
0.1818711
-1.196523
0.3324623
-1.289953
0.1270983
-1.233699
0.3205256
-1.289438
0.1880838
-1.273415
0.2705159
-1.275209
0.2358862
-1.286502
0.2248809
-1.157736
0.2290744
-1.201713
0.2814406
-1.286764
0.2275285
-1.217657
0.2338402
-1.309172
0.2662466
-1.317476
0.1835073
-1.208286
0.2554643
-1.171419
0.1761593
-1.296515
0.1861874
-1.173127
0.2670646
-1.200126
0.2227632
-1.161458
0.1528728
-1.230542
0.2191548
-1.2669
0.108624
-1.203735
0.3074198
-1.228628
0.007740628
-1.207965
0.1236803
-1.327899
0.1675372
-1.16235
0.0953778
-1.197292
0.2151501
-1.308113
0.1418588
-1.13845
0.1213602
-1.249973
0.06989516
-1.1775
0.08894931
-1.255369
0.06750146
-1.283429
0.0864792
-1.311754
0.1168951
-1.277392
0.05777026
-1.24449
-0.01404848
-1.116876
0.1457817
-1.225596
0.01824953
-1.262176
0.07860225
-1.201224
0.1815574
-1.294168
0.1471494
-1.138408
-0.1067203
-1.297267
0.05754912
-1.307178
0.0572535
-1.192082
0.03064663
-1.277978
-0.05856001
-1.209438
0.06601135
-1.260451
0.0615355
-1.336612
0.06267621
-1.319787
0.03085854
-1.196741
0.04068182
-1.12515
0.01057391
-1.29895
0.1147481
-1.261673
0.09773275
-1.279146
0.06522608
-1.197027
0.05326099
-1.292849
0.03518963
-1.230377
0.009281972
-1.238194
-0.01891118
-1.261709
0.07267405
-1.13618
0.1163115
-1.22032
0.1173813
-1.213835
-0.01996525
-1.311736
-0.1022926
-1.289177
-0.06613003
-1.193345
0.02659502
-1.365073
-0.04268283
-1.170682
0.1582093
-1.268245
-0.01201297
-1.261157
-0.004900262
-1.11831
-0.02815846
-1.16477
-0.03059055
-1.190706
-0.06837302
-1.201118
-0.01846953
-1.232079
0.01898627
-1.371394
-0.04689698
-1.108612
-0.08125053
-1.182535
0.01377865
-1.076389
-0.001403246
-1.282637
-0.1206516
-1.226413
-0.1942642
-1.290382
-0.1154319
-1.106221
-0.01240009
-1.288431
-0.006382874
-1.122119
-0.0214462
-1.30318
-0.0321411
-1.244337
-0.08520225
-1.326292
-0.0548009
-1.057963
-0.1074565
-1.170635
-0.005281416
-1.174841
-0.08274827
-1.323917
-0.0472715
-1.297
0.01552595
-1.266232
-0.1895288
-1.208413
-0.06340252
-1.184162
-0.04608516
-1.023512
-0.1016138
-1.12427
-0.08770502
-1.11298
-0.1228044
-1.050444
-0.1364682
-1.153617
0.07015835
-1.23473
-0.08945502
-1.168771
-0.03140331
-1.255616
-0.04355722
-1.222502
-0.2785738
-1.16108
-0.2154632
-1.108943
-0.1257446
-1.147799
-0.2368303
-1.286335
-0.1617052
-1.188468
-0.1858774
-1.217255
-0.1489759
-1.119949
-0.05461519
-1.206566
-0.1678837
-1.09697
-0.19122
-1.126251
-0.2383441
-1.148957
-0.1664321
-1.137742
-0.08757211
-1.164854
-0.2441406
-1.042499
-0.2287804
-1.154183
-0.2124893
-1.378302
-0.1881947
-1.010104
-0.2124068
-1.256519
-0.1647313
-1.226334
-0.2886808
-1.113366
-0.1747876
-1.209252
-0.2471671
-1.292791
-0.1679566
-1.007095
-0.2847958
-1.174988
-0.2519879
-1.126525
0.02673315
-1.134437
-0.1678668
-1.134487
-0.03314577
-1.055438
-0.1787014
-1.166864
-0.1899542
-1.185067
-0.2740853
-1.047182
-0.3305915
-1.221491
-0.07266562
-1.36722
-0.3098099
-1.153195
-0.1767645
-1.172967
-0.2592325
-1.036789
-0.2565001
-1.190619
-0.2182567
-1.082977
-0.273626
-1.138608
-0.3830214
-1.172698
-0.2388645
-1.273016
-0.2567841
-1.173065
-0.2653829
-1.166196
-0.3184327
-1.163688
-0.1315014
-1.045249
-0.279636
-1.329772
-0.1912438
-0.875627
-0.3118106
-0.9751855
-0.4293277
-1.110478
-0.3683899
-1.150234
-0.3427143
-1.129615
-0.1678914
-1.238716
-0.3587323
-1.012107
-0.2700163
-1.07745
-0.1996541
-0.9661347
-0.3564674
-1.05854
-0.4286147
-1.029298
-0.3242251
-1.011791
-0.2216669
-0.9553452
-0.4305125
-1.016243
-0.483082
-0.9499986
-0.450814
-0.9791088
-0.121547
-1.224388
-0.3504277
-1.077819
-0.4261454
-1.096275
-0.4054677
-1.016208
-0.4286146
-0.9982587
-0.2619023
-1.134912
-0.3715761
-1.040189
-0.3695401
-1.101898
-0.3622707
-1.025683
-0.4241818
-1.260981
-0.4166343
-1.027887
-0.5435829
-1.030402
-0.4342802
-1.087837
-0.3652139
-1.071534
-0.2878633
-1.059871
-0.4766052
-0.9224344
-0.4620616
-0.8644847
-0.5346047
-1.006289
-0.4210414
-1.118314
-0.3517736
-1.043946
-0.3011361
-0.8891239
-0.3352163
-0.9418583
-0.3144091
-1.015149
-0.2711212
-0.9767555
-0.426466
-1.002858
-0.5783181
-0.9838799
-0.4279499
-0.9374315
-0.3501942
-1.085209
-0.3916116
-0.8881174
-0.500281
-1.035855
-0.4007276
-1.036432
-0.3415334
-1.014451
-0.3039569
-0.8656069
-0.5457083
-0.8786136
-0.46983
-0.8439689
-0.4839583
-0.9225721
-0.4258345
-0.8903907
-0.4668859
-1.089664
-0.39175
-1.040473
-0.3035155
-0.9202041
-0.5672022
-0.9178487
-0.4542383
-0.8272468
-0.3721143
-0.9323307
-0.5376794
-1.003969
-0.5210081
-1.126003
-0.3254606
-1.134967
-0.3525919
-0.851833
-0.5549002
-0.8440819
-0.4805696
-0.9180079
-0.4041008
-0.9662431
-0.6145155
-0.9650131
-0.5288908
-0.9300126
-0.3994962
-0.9373484
-0.4406655
-0.792245
-0.4666535
-0.9260448
-0.5424408
-0.9690073
-0.5285281
-0.9764398
-0.3640449
-0.9969086
-0.4989208
-0.9136432
-0.4437246
-1.007823
-0.4173052
-0.9887106
-0.4742298
-0.758301
-0.3281873
-1.168162
-0.5066903
-0.8496839
-0.5259642
-0.8027043
-0.3608336
-0.9610453
-0.6381866
-0.9507288
-0.3542847
-0.9577144
-0.5132464
-1.09272
-0.4321782
-0.9699019
-0.5280184
-0.9825206
-0.4279817
-0.7896726
-0.4635552
-0.8674197
-0.5855392
-0.9162477
-0.4298607
-0.7835596
-0.4350599
-0.8797036
-0.6434412
-0.8102215
-0.6306511
-1.063159
-0.4113157
-0.881573
-0.5003165
-0.7397653
-0.3983452
-0.8092437
-0.4649519
-0.7781362
-0.6813429
-1.008142
-0.5935174
-0.7900456
-0.4230352
-0.708847
-0.3082623
-0.8076918
-0.5563394
-1.010819
-0.5671578
-0.8197961
-0.4496533
-0.7442543
-0.4023397
-0.8025754
-0.7086281
-0.8697042
-0.6033283
-0.9436922
-0.6109957
-0.9844787
-0.6908038
-0.8497684
-0.4867924
-0.7563803
-0.5921258
-0.8466346
-0.5041686
-0.948898
-0.5019138
-0.7321346
-0.5604513
-0.7339022
-0.4382469
-0.9169763
-0.7764422
-0.8664929
-0.4596978
-0.6910118
-0.520512
-0.6611813
-0.4751548
-0.8491924
-0.5637679
-0.7629138
-0.6099425
-0.7599567
-0.5356801
-0.8134704
-0.6496547
-0.6771815
-0.5273035
-0.9048501
-0.554956
-0.6072357
-0.6199567
-0.7507671
-0.725785
-0.8599911
-0.5125194
-0.8597852
-0.5008547
-0.7846341
-0.5144295
-0.7071195
-0.6188874
-0.5650976
-0.6591706
-0.850228
-0.582546
-0.6653284
-0.5033132
-0.883513
-0.5449912
-0.6646196
-0.613799
-0.609145
-0.5549035
-0.5829299
-0.5182575
-0.7046935
-0.6949083
-0.6316772
-0.6026118
-0.5805848
-0.6697573
-0.7509761
-0.4853907
-0.7572025
-0.5707284
-0.6523407
-0.7363218
-0.7132453
-0.5478489
-0.6684855
-0.7772978
-0.4358297
-0.603197
-0.6406084
-0.488903
-0.6348927
-0.3270068
-0.7530468
-0.5022886
-0.7208902
-0.7591683
-0.5729545
-0.6437229
-0.7593536
-0.5903162
-0.669355
-0.8812444
-0.4916917
-0.6786177
-0.8362133
-0.5714635
-0.7292952
-0.5554631
-0.6866133
-0.7522479
-0.8594346
-0.5382284
-0.8160327
-0.4720735
-0.4842314
-0.4696684
-0.7328141
-0.3295694
-0.4864819
-0.5840013
-0.4378333
-0.6736786
-0.4280498
-0.7049659
-0.6911645
-0.5502849
-0.5829735
-0.7581655
-0.6025584
-0.5161484
-0.4956096
-0.5453021
-0.8230161
-0.4740325
-0.7677942
-0.5727569
-0.7448762
-0.5965819
-0.6733068
-0.4011111
-0.4055168
-0.7268013
-0.8208954
-0.69678
-0.4977022
-0.6202435
-0.6975951
-0.558015
-0.5141551
-0.571611
-0.6518273
-0.714268
-0.5707603
-0.7861046
-0.7460497
-0.5497265
-0.5149177
-0.5427446
-0.6976181
-0.7989186
-0.3810975
-0.90015
-0.5902146
-0.3013902
-0.8706637
-0.6710003
-0.5793784
-0.467736
-0.4142082
-0.7340924
-0.61327
-0.6848931
-0.6997567
-0.6038495
-0.4822137
-0.6925049
-0.5628079
-0.4401054
-0.6843858
-0.5405621
-0.4225644
-0.659037
-0.4424655
-0.5419576
-0.6724313
-0.8041129
-0.5454797
-0.5490177
-0.4878392
-0.4334589
-0.6730237
-0.7036607
-0.4900233
-0.5424785
-0.6348984
-0.6869611
-0.4895018
-0.6215562
-0.6398581
-0.7754734
-0.6057543
-0.5399869
-0.5477915
-0.8072382
-0.1857641
-0.5617301
-0.5100386
-0.6766883
-0.422692
-0.5550302
-0.5176846
-0.5575801
-0.6171731
-0.463349
-0.4590981
-0.7308154
-0.4619236
-0.7331607
-0.547547
-0.5800365
-0.4049773
-0.641905
-0.3292341
-0.6170785
-0.5922851
-0.6505805
-0.461007
-0.5875837
-0.6132556
-0.7693165
-0.3936837
-0.5741706
-0.5151462
-0.580999
-0.220815
-0.6547882
-0.4176204
-0.8861055
-0.4631702
-0.5490107
-0.3174152
-0.4689824
-0.4073974
-0.527415
-0.2508319
-0.4571004
-0.4272872
-0.6250196
-0.6692027
-0.6467676
-0.5633186
-0.6229743
-0.5649604
-0.6791026
-0.3583235
-0.6279967
-0.3211204
-0.5671679
-0.4817728
-0.6162401
-0.3983015
-0.4709237
-0.3475409
-0.5182429
-0.4933521
-0.7236652
-0.405347
-0.5174319
-0.4770618
-0.5837833
-0.6254395
-0.5006961
-0.5473221
-0.4426574
-0.48085
-0.6470595
-0.2347422
-0.4745858
-0.2499708
-0.5833397
-0.462972
-0.7470641
-0.5427861
-0.6858917
-0.516075
-0.4743106
-0.02267911
-0.3847089
-0.3054746
-0.6204819
-0.1129786
-0.6123305
-0.1710991
-0.6351454
-0.3032369
-0.4898372
-0.4163442
-0.5980166
-0.5592434
-0.8270566
-0.4017928
-0.6401601
-0.4958658
-0.5285015
-0.4497882
-0.5091537
-0.2648918
-0.5659271
-0.2494294
-0.530551
-0.1622117
-0.610507
-0.5218145
-0.4503281
-0.5304191
-0.5545468
-0.3264756
-0.3175473
-0.4069524
-0.4123342
-0.1128914
-0.6658343
-0.1835364
-0.8523628
-0.6583905
-0.5077897
-0.2081884
-0.6955051
-0.01370786
-0.5935603
-0.5635651
-0.6856524
-0.3469308
-0.4485247
-0.2058092
-0.8196515
-0.4544408
-0.5494261
-0.4291176
-0.4870406
-0.2573933
-0.61483
-0.1610422
-0.619511
-0.5787188
-0.5682485
-0.3855837
-0.6816219
-0.4727033
-0.3390938
-0.2030611
-0.686615
-0.1967776
-0.5851669
-0.1393245
-0.5820251
-0.3710197
-0.6400536
-0.4091842
-0.7133418
-0.5894545
-0.3468794
-0.4447249
-0.5544001
-0.2576852
-0.8142227
-0.3196591
-0.7834435
-0.3808928
-0.4475128
-0.1146893
-0.5370674
-0.3589849
-0.694268
-0.3037402
-0.6969861
-0.4019506
-0.5158153
-0.3708604
-0.6181515
-0.4132099
-0.5031295
-0.3496121
-0.6326556
-0.4705617
-0.5118626
-0.3481617
-0.7326129
-0.02919419
-0.6497483
-0.225125
-0.5107905
-0.3847237
-0.5076833
-0.1982355
-0.6264986
-0.4831328
-0.5110515
-0.1786008
-0.4746181
-0.1574701
-0.6082005
-0.2859206
-0.5509081
-0.3579894
-0.612456
-0.1416378
-0.5160513
-0.323255
-0.6132783
-0.2122451
-0.4115331
-0.0549267
-0.5264293
-0.1059651
-0.5261828
-0.05339613
-0.5258661
-0.2786627
-0.6853824
-0.04821791
-0.4308714
-0.0466376
-0.6603575
-0.3310131
-0.4934638
-0.396873
-0.3415859
-0.295675
-0.3617059
-0.1148847
-0.7289335
0.00679542
-0.7530425
-0.1950586
-0.5286739
-0.05424596
-0.2259886
-0.115431
-0.3108463
0.1013383
-0.6825329
0.01473888
-0.4990869
-0.3802905
-0.6991123
-0.1360781
-0.261021
-0.3913533
-0.6913679
-0.09298392
-0.608074
-0.1446615
-0.5519125
-0.3041097
-0.7221867
-0.1062592
-0.3872877
-0.2908124
-0.5879637
-0.2207042
-0.464985
-0.1435198
-0.4914425
-0.09224762
-0.5763578
-0.1053073
-0.4282106
-0.3247602
-0.3663389
0.09921835
-0.5202348
-0.5903551
-0.4322176
-0.07255495
-0.5018575
0.08727441
-0.5320686
-0.223984
-0.5449181
-0.1569171
-0.4103771
-0.08184192
-0.5373117
0.01285558
-0.7739161
-0.3131492
-0.4075058
-0.1370083
-0.5074831
-0.3742368
-0.5860882
-0.254465
-0.3592314
-0.3006998
-0.7788845
-0.2193964
-0.4594695
-0.2436863
-0.5636766
-0.2665684
-0.4310479
-0.1063491
-0.5729983
-0.2849284
-0.4408421
-0.2226491
-0.5544436
-0.052616
-0.1654371
-0.2496357
-0.5362018
-0.4030082
-0.4046092
-0.1256447
-0.662377
0.04969738
-0.6910002
-0.2398371
-0.4802629
-0.2493888
-0.3721269
-0.08279225
-0.4622473
-0.1237706
-0.2764474
-0.2232644
-0.6189466
-0.1669677
-0.5018157
0.1169305
-0.6458839
-0.2246857
-0.4609253
-0.3280548
-0.5761446
-0.1514558
-0.2982521
-0.1159201
-0.6446552
-0.1763907
-0.3000099
-0.3447317
-0.2607147
-0.163452
-0.5563667
-0.2279349
-0.5775837
0.09431627
-0.7256582
-0.1692159
-0.2886588
-0.07548772
-0.2088414
-0.1793854
-0.3344127
0.1735225
-0.5768182
0.1915355
-0.7650689
-0.07297384
-0.4724066
-0.2019018
-0.259444
0.03260799
-0.4768262
-0.08596623
-0.6730699
0.06324521
-0.2662862
-0.1005161
-0.2048907
-0.3423778
-0.4783008
-0.07732452
-0.4389253
-0.2463906
-0.2428984
-0.00668371
-0.4088713
0.08220515
-0.4306373
-0.2756202
-0.5950404
-0.06456157
-0.5735175
-0.08797406
-0.2013164
-0.09108158
-0.5897656
-0.3104813
-0.5036766
-0.1644777
-0.5647478
-0.2516713
-0.333918
0.09844851
-0.3812201
-0.2811767
-0.3459483
-0.09214403
-0.4559161
0.01247361
-0.06007515
-0.1057522
-0.561911
-0.15216
-0.3355613
0.03134551
-0.4189821
-0.3307692
-0.2505783
-0.1591947
-0.3138902
-0.04035043
-0.3324145
0.123867
-0.5201717
-0.1630053
-0.4785269
-0.3538449
-0.5380718
-0.1678703
-0.1381557
-0.1156581
-0.5166963
0.165275
-0.3764057
0.04612752
-0.5759877
-0.2404979
-0.2799168
-0.06567093
-0.5024332
0.1571812
-0.5607871
-0.3624852
-0.3580706
-0.4613706
-0.3821454
0.02508052
-0.3101885
-0.01214123
-0.7010128
0.09315069
-0.3804727
-0.1462198
-0.4507912
-0.3440481
-0.244793
-0.2216998
-0.3852482
0.09317062
-0.3958194
0.05157937
-0.5697592
-0.03724935
-0.329783
-0.05390029
-0.3931311
0.09944304
-0.4555436
-0.0001911985
-0.5049113
-0.2449287
-0.2106318
-0.07758454
-0.2269984
-0.01568049
-0.3419627
0.1609131
-0.3506675
-0.1020488
-0.3075866
0.1950105
-0.4384199
-0.1800558
-0.2113095
0.04214205
-0.3613427
-0.05791884
-0.5130189
-0.1067673
-0.4028804
-0.2179945
-0.2128213
0.01863709
-0.3979233
-0.06654921
-0.172061
0.040362
-0.4117227
0.002837919
-0.1884796
-0.02779772
-0.6360919
0.006598503
-0.3948262
-0.2108613
-0.3062134
-0.2695504
-0.6338238
0.001194995
-0.4939258
0.09623876
-0.3586355
-0.1819714
-0.353328
-0.1260878
-0.4700823
0.1076372
-0.5098645
-0.09576236
-0.3817773
0.04723355
-0.2049806
-0.2891932
-0.4825703
0.1056808
-0.3459141
-0.1365102
-0.07404102
-0.03637683
-0.3694123
0.0168266
-0.276682
0.1010132
-0.7105464
-0.3207119
-0.4412369
-0.154394
-0.2327659
-0.2029054
-0.3344876
0.09483936
-0.211759
0.1221553
-0.2283036
-0.1113555
-0.07964239
0.005953752
-0.5083901
-0.02983574
-0.5388381
-0.03659267
-0.1666552
-0.007963415
-0.2521586
0.3088495
-0.3268655
-0.006373208
-0.2492057
-0.1714407
-0.1087622
-0.1954329
-0.4873362
0.05793029
-0.1996319
0.00180133
-0.397234
-0.2581831
-0.5007444
-0.003561512
-0.1015641
0.1560459
-0.5043541
-0.2405686
-0.3767285
-0.2042757
-0.1997729
-0.07279395
-0.4188644
0.04684215
0.07858902
-0.1034691
-0.2834624
-0.02006295
-0.1676059
-0.09756193
-0.2930534
-0.1448526
-0.4154245
-0.1400913
-0.4475599
0.1565252
-0.3826145
-0.121737
-0.0867975
0.2058523
-0.4413537
0.1476616
-0.3261749
0.1684472
-0.3124803
0.1115291
-0.3689004
-0.1173975
-0.376938
-0.1999792
-0.2354355
0.2946562
-0.4004238
-0.1736841
-0.2408887
-0.2289986
-0.3693038
0.07884025
-0.3614624
-0.02787304
-0.4110574
-0.1901724
-0.2806686
0.0687433
0.02104341
0.07958608
-0.373634
-0.1735677
-0.1461028
-0.07368806
-0.384778
0.1647103
-0.3971547
-0.1646224
-0.3239501
-0.1437347
-0.16809
-0.2296554
-0.2572113
-0.1823153
-0.290401
0.09064442
-0.3680712
0.1219718
-0.4345358
-0.05704947
-0.06490315
0.1329043
-0.3806138
-0.2092723
-0.3467704
0.05919879
-0.6172294
-0.009305648
-0.2261602
0.01029715
-0.3350011
-0.05180576
-0.4227912
-0.08463755
-0.3933377
-0.1518391
-0.479966
0.148768
-0.4534216
-0.007184791
-0.3068764
0.05906402
-0.4433077
0.09817328
-0.3167284
0.2166596
-0.3862919
0.06456962
-0.4502867
-0.1186478
-0.1643653
-0.01013503
-0.5486737
-0.06239886
-0.1076721
-0.00190465
-0.3705689
-0.04276791
-0.3417523
0.2208667
-0.1865746
0.0340804
-0.306335
0.08221686
-0.0576871
-0.1122882
-0.2001318
0.01821473
-0.3091587
0.03399287
-0.443973
0.1807203
-0.316617
-0.3774651
-0.1967695
-0.004917408
-0.6318141
0.07690232
-0.3473901
-0.1992606
-0.2625191
0.005731803
-0.5362785
0.2473493
-0.3722374
0.08238571
-0.1601965
0.0455662
-0.1971804
0.0650063
-0.1591898
0.01185523
-0.5128594
-0.07467494
-0.5711234
-0.2057235
-0.4996428
0.1337529
0.05248625
0.1587989
-0.189772
0.1240088
-0.090887
0.0702508
-0.4435286
-0.07189026
-0.2375422
-0.1928782
-0.07863106
-0.02007403
-0.4365398
0.4723096
-0.4638962
-0.07144868
-0.04496238
0.1017933
-0.1599891
0.01075589
-0.348432
0.2121494
-0.109339
0.1312194
-0.1751428
0.02667771
-0.4726105
-0.02670041
-0.2616957
0.1548939
-0.3581444
-0.006558935
-0.2905267
0.1171449
-0.3368247
-0.101136
-0.2664142
0.1695032
-0.5272998
-0.1613842
0.06782207
-0.03800886
-0.1798444
0.2397881
-0.5799051
-0.07612402
-0.02942027
0.04917948
-0.3476282
0.0687221
-0.220421
-0.01636943
-0.2171346
-0.02563213
-0.2495165
-0.06386115
-0.2762009
0.00416025
-0.09798384
-0.09699206
-0.3369194
0.1026511
-0.2868946
-0.09069473
-0.2261369
-0.1161373
-0.1810143
0.11821
-0.4870975
-0.1174282
-0.2046053
-0.08644205
-0.1806314
-0.2947799
-0.3415801
-0.04997429
-0.06329811
-0.09015306
-0.2852216
0.06816421
-0.1903622
0.2278601
-0.2758092
0.2197261
-0.2712926
0.04941946
-0.3633035
0.5112755
-0.3539077
0.06063316
-0.3457682
0.09217687
-0.3672655
0.2375895
-0.4891219
-0.3475365
-0.2236862
0.3171335
-0.2257692
0.1885331
-0.2583463
6.134219e-05
-0.2196139
0.2015351
-0.3620369
-0.05564611
-0.2107896
0.1348698
-0.2621272
-0.09185528
-0.1477358
-0.02222688
-0.2121289
0.0932128
-0.01829071
-0.116295
-0.06401547
0.3539024
-0.1972949
-0.4343532
-0.1046882
0.06313837
-0.2673173
0.07703731
-0.2153022
-0.1023792
-0.2727993
0.2008286
-0.3470134
-0.2780745
-0.1168456
0.1347101
-0.1836064
-0.1463662
-0.3189153
0.1175409
-0.07640782
0.1655904
-0.4499467
0.1170818
-0.1830771
-0.1678054
-0.03526548
0.1423234
-0.2489242
0.05939541
-0.459662
0.02255543
-0.2103796
-0.04948303
-0.1861392
0.1192399
-0.2541626
-0.1682073
-0.09932657
0.1330845
-0.08670242
-0.174385
-0.2363037
-0.04007749
0.07571861
0.03371776
-0.2735112
-0.2296233
-0.2811
0.2318767
0.04137773
-0.1489606
-0.01090239
0.1050177
-0.3812647
0.03858222
-0.203364
-0.0844783
-0.2210797
-0.09278898
-0.1419424
-0.05353398
-0.05865211
0.2398325
-0.05785619
-0.1765566
-0.3872748
0.1362048
-0.09104197
0.002534374
-0.05825179
-0.2438226
-0.07720307
-0.05784997
-0.3483165
-0.1695059
-0.09841879
0.02685284
-0.2122906
0.004020443
-0.3678336
0.3123435
-0.06207759
0.1188587
-0.1911136
0.09332997
-0.1840816
0.04347607
-0.2067677
-0.0004567981
-0.2089123
0.05547772
0.04281565
-0.131573
-0.2028822
0.189592
-0.1335623
0.245895
-0.4805078
0.08269867
-0.3361354
0.07165024
-0.1394348
-0.2573863
-0.2512794
-0.01454017
-0.05082714
0.00386808
-0.0005076104
0.4114229
-0.06159254
-0.05700901
-0.3243659
-0.153621
-0.0526236
0.1534012
-0.3847219
-0.01104141
0.01010465
0.1815859
0.0395389
-0.06450333
-0.152821
0.05813852
-0.0250572
0.1226455
-0.006670811
-0.05725152
-0.1849262
0.09485076
-0.01203598
-0.07789627
-0.3407071
-0.0233397
-0.2441043
-0.009876118
0.1503054
0.04733066
-0.4077159
0.03264748
-0.1808396
0.2185731
-0.0722893
0.103484
-0.1418747
0.07223259
-0.3391473
0.141017
-0.08083915
0.02281787
0.09024755
-0.2081265
-0.05143958
0.1660362
-0.2917218
0.1303382
-0.399329
-0.02498388
-0.1173012
0.1284972
-0.2437336
-0.005889454
-0.2904794
0.003732946
0.03571301
0.137072
-0.1119185
0.1813952
-0.1857546
0.3046199
-0.4506463
-0.1719656
-0.282564
0.01750046
-0.04542172
0.02697124
-0.2344698
-0.04389426
-0.2895257
0.03954823
-0.5177229
0.175021
-0.2475221
0.1594702
-0.0496568
0.1004719
-0.3266584
0.06457543
-0.2885696
0.1242431
0.04598832
0.1624297
-0.05290391
0.05092316
-0.4348111
-0.03563707
-0.02118089
0.2360047
-0.1900891
0.09871811
0.02627178
-0.06553586
-0.04914312
0.06307369
-0.193422
0.2074686
-0.3794522
0.1817006
-0.1976292
0.03098679
-0.2394648
0.2225082
-0.4642365
0.1236738
-0.4712361
-0.1615208
-0.2848611
-0.1741501
-0.04221421
0.1047976
-0.2727267
-0.1176551
-0.0704013
0.2065677
-0.05771424
-0.05695197
0.1187091
-0.007487987
-0.2851218
0.2263381
-0.07618558
0.004111381
-0.1392996
0.1078582
-0.3772615
0.214218
-0.3864
0.02031433
-0.2548764
-0.03531274
0.08993454
-0.3116243
-0.2012314
-0.06102818
-0.3841349
0.1706055
-0.3397328
0.2788997
0.05423415
0.01236012
-0.2245488
0.134418
-0.2045277
-0.168569
0.04641357
-0.02291228
-0.3565546
0.09504252
-0.1420509
0.07028914
-0.3676665
0.0008408775
-0.1990013
0.1212034
-0.2672422
-0.09272203
-0.08275894
0.09147161
-0.331221
-0.2143127
0.01695216
0.1779972
0.04609257
-0.04260365
-0.04585602
0.2647738
-0.315168
-0.06466413
-0.04201431
0.07365008
-0.2268348
0.1266163
-0.1966599
0.1228674
-0.4585684
0.1968835
0.01441359
0.1642985
-0.02226167
-0.2537425
-0.09390697
0.1252073
-0.2950293
0.0002215285
-0.1722751
-0.09164037
-0.3651797
-0.008751018
-0.4037263
0.1783594
-0.1474788
0.1483428
-0.1460642
-0.2957431
-0.2431858
-0.161362
-0.146558
-0.2014127
-0.05549804
0.1889227
-0.1845395
0.09746011
-0.1949605
0.1275792
-0.2133203
-0.1663886
-0.2030472
0.1041711
-0.4927035
0.1043934
-0.3524303
-0.1228424
0.2476199
0.1882203
-0.06471641
-0.2373251
-0.1139101
0.2287664
-0.1413413
0.1825819
-0.1706254
0.09018783
-0.6217456
-0.1001766
-0.1661869
0.3742251
-0.06715726
-0.1267218
-0.1470743
-0.002311442
-0.07460458
-0.1035179
-0.1502432
0.0677714
0.1182023
-0.2597266
0.1990705
-0.1477521
-0.261252
0.4229692
-0.2173469
0.09950095
-0.5444093
0.056717
-0.4525426
-0.1157794
-0.1625414
-0.4833664
-0.1865059
0.1020042
0.3733346
-0.1922854
-0.1652625
0.3608633
0.1527229
0.3633356
-0.336271
-0.2740186
-0.3535159
-0.09889837
0.1761876
0.05418751
-0.3334468
0.04402833
0.05305684
-0.1239721
-0.4958122
0.01897396
-0.2926036
-0.001079811
-0.1838533
0.1338034
-0.1041285
0.5301009
0.2598526
-0.3133062
-0.6395454
0.6201094
0.2602623
-0.3217077
0.05603023
0.5512554
-0.4146416
-0.1709538
0.06498144
-0.1472204
0.05976555
-0.6383075
0.08696029
-0.2946326
-0.3099303
0.8672581
-0.2672646
0.2665903
-0.5014375
-0.3418703
0.3806606
0.2099743
-0.1623158
0.7566404
0.198165
0.1925853
-0.6551514
-0.2226719
-0.3633807
1.355851
-0.7886644
-0.789848
0.01578009
-0.2743095
-0.4382713
0.4326532
0.18413
-0.2592362
-0.3934883
-0.4094101
0.6307104
0.1064049
0.3533165
0.7952895
-0.4881265
0.1660549
-0.4811351
-0.4847383
-0.3088031
0.1225611
-0.5193004
-0.3603089
-0.7122348
-0.33972
-0.07699668
-0.6174504
0.4968885
0.5302664
0.1047255
0.3525443
0.09620381
-0.263117
-0.1173395
0.1328006
0.05260222
0.07255663
